9985
4354
1675
7470
2380
5585
9158
2747
4458
1471
9378
3189
8245
4831
2942
9183
104
3810
1119
8409
5530
9990
3356
6024
3754
2191
9175
143
1865
7568
3811
7582
6857
9444
3092
3805
7992
782
1583
5146
1822
2550
2710
6575
1429
943
4967
8828
5202
6504
7196
2504
9103
7799
8517
379
4584
7977
4393
5474
330
5543
2243
4324
7103
1468
7820
499
5086
635
2762
7898
1428
7846
8815
6194
9128
1242
7710
3435
8710
9278
6404
1230
2731
2707
112
4411
5338
4653
2740
3410
10
8933
3427
5669
9816
5927
197
4945
621
9602
3742
170
2227
6920
3620
6582
8872
3495
8134
6450
5581
8472
5430
9879
3621
8183
8399
9807
5870
6620
946
3668
1600
1000
2246
8441
2762
6727
2970
5380
4447
9551
237
8519
3702
6216
728
2709
4351
4957
3936
4983
2227
9869
7793
8350
6193
6953
8238
9789
8658
1118
2332
6280
5200
4389
8257
7639
663
3243
7428
1762
4423
5190
2572
7617
4480
6115
9509
3467
2839
7287
7434
5142
7011
7448
1586
3291
395
5780
3008
9252
6343
7890
6875
8730
722
3612
8798
6252
6886
2982
4730
8647
4311
9506
259
8651
4737
4288
9536
1540
1974
9916
1737
8142
6962
1378
8286
8434
8306
3080
6474
5669
619
5392
1233
9453
9018
4853
1284
4795
4157
2124
6078
5148
6018
4065
1926
9769
2536
4569
5622
9702
5194
4039
4960
1586
1602
8938
6749
8399
6215
9017
5577
7075
5923
5185
3482
1227
3636
3024
5833
862
5259
2307
9058
3785
7857
4128
7019
5312
1482
5628
3428
8291
3866
9334
6719
9477
9587
6472
591
2256
8088
1427
1900
2597
3803
2731
8084
8413
8411
3934
9438
9262
6441
479
2213
6926
2605
9089
285
9057
3900
9651
3354
1039
8336
1577
2945
162
8415
6740
6530
1991
889
5551
6435
3837
8343
1067
5330
2333
9468
3915
7736
1610
8198
5076
7361
3882
2838
1751
1877
1321
2793
6542
6392
2852
4318
2205
5288
8640
3429
6338
6998
8498
7114
9660
256
9374
3312
8681
2555
8902
5396
3034
922
7194
7522
9854
2918
1657
415
1813
566
7082
5555
4878
6115
8273
7961
845
4715
7108
4571
3932
4556
2238
2063
5884
8046
5872
3619
6229
539
9871
3760
5356
2115
2683
5202
5815
5872
7332
4795
5810
5208
2668
7267
6352
2643
2300
9771
2699
8532
700
871
8329
1893
3193
6252
7401
2959
6861
5749
36
5163
1890
3921
7857
8948
6883
5947
1513
5083
1431
2529
8831
9136
6023
9849
171
962
4922
8751
919
8541
7210
3781
1130
3819
6343
1163
8394
3144
9355
6742
7693
8506
1183
9760
9232
5002
2276
1810
7450
2329
5386
3378
1117
4066
6497
1240
6250
6146
9111
7207
9775
5075
5977
358
6635
9284
552
4498
6851
5434
1801
6986
7372
6244
5594
7622
1452
259
6200
4999
9318
2428
1667
4953
9033
1191
5874
6392
5194
7128
8522
5702
3771
6212
3947
8285
8948
5135
5312
3318
4370
3212
8518
5221
3206
4658
1789
9917
9303
9691
8939
8125
9638
8115
5933
8588
6552
2529
2673
2493
4624
9316
8558
3630
9737
1098
785
4582
8062
1294
5153
4892
1226
5676
9183
5733
608
405
6641
2765
4823
1264
2896
6250
6686
7320
9553
721
5381
3052
2197
80
7634
7649
7761
9453
2660
4463
4431
6019
9918
7943
4715
1283
190
9061
8999
4138
5929
4128
1667
947
1455
6612
2389
8408
8901
2684
2948
1817
7554
2491
179
6249
2386
3819
3978
721
9085
3945
1031
3404
6582
296
684
9405
6493
9732
9552
9023
8575
685
7978
7940
2238
1023
6650
115
7023
9580
5660
2761
8203
3405
9452
8303
4589
1147
7216
7995
2694
1923
487
2776
4733
1524
1816
8846
9558
1666
1615
6037
6984
6372
9333
8947
40
7050
4536
1530
2416
2936
4877
9755
4200
7746
8550
9924
6028
8122
7117
4239
2458
8158
6947
4431
9388
1781
9089
6893
8966
3834
2296
6903
1582
3438
5347
3275
6178
9729
2893
9766
786
6139
8326
6953
803
6948
4681
1064
112
6603
1193
4679
1113
4528
5200
7480
7246
1879
2263
5412
3820
3627
2431
8864
4611
2362
7213
7657
8505
9257
9442
8539
5848
7229
6637
347
9587
9683
8092
2328
6329
6432
7527
3816
3738
6836
6493
1670
5261
7560
5787
2435
2301
8550
2584
888
6740
5099
8259
3125
6211
7905
9946
8835
8231
6260
607
8575
1207
7659
2227
6433
6744
2809
1133
4857
13
685
1773
4387
4896
3674
7380
6773
6204
6938
6771
6263
6518
5747
9916
634
551
9691
6202
3596
4722
7404
7884
4177
4954
2148
493
4513
4671
3056
5795
8404
3093
7809
2649
2115
7217
5204
5847
3898
6920
4519
9846
6020
3165
5598
3218
8694
4061
2378
4509
9398
9110
1818
6744
1377
9469
3421
8039
2751
3195
3468
3760
1990
5171
18
3890
532
5264
775
1000
5369
2129
9828
3172
1043
3773
38
2774
9939
3931
8263
1241
9733
8910
4331
5325
108
8561
2569
9821
6103
6614
3202
4036
4142
458
2036
4126
1099
1141
7944
3918
9162
360
9973
904
6575
2789
5813
6043
7873
8358
9055
2828
3783
8472
5131
3319
845
865
3079
6721
3774
1228
4979
2220
7878
2631
5699
3260
9387
4494
7959
3964
4373
8488
223
2430
2323
7174
6735
8963
75
7331
9185
7203
1790
5066
7098
2596
6496
5714
7737
3939
6573
4621
7907
5905
7194
2514
8636
2802
6396
1436
1203
4680
7056
6150
5957
7381
2408
655
9735
7933
2043
464
952
5283
4441
473
1361
8281
2498
2591
9096
5187
7357
3047
8295
4157
9935
7978
4466
4620
983
5649
4596
900
7482
179
7942
4647
4298
8858
237
7338
8360
3790
2167
4500
1086
5825
8081
2122
2856
5005
581
5718
4432
9285
2856
4626
4979
6899
240
5514
6737
999
2916
4928
6950
6485
4761
3644
9274
2716
2555
5030
6659
4635
5157
3291
3966
3507
3748
2484
7940
6073
6184
591
1618
4600
804
3083
5091
8491
5021
1095
8002
8419
7219
1245
6269
5605
3851
6131
8177
3961
579
499
7655
7380
8585
6501
7220
7131
5541
3684
194
8214
5739
1678
7555
8892
6076
9312
8398
2675
717
8488
3449
8886
8800
6650
8075
507
5604
1539
5597
7654
327
6035
34
9390
7130
2756
5813
4067
1985
171
5512
767
9949
5006
1643
903
4765
2334
782
9109
8956
65
1634
192
5958
5784
2881
7300
7428
1631
757
7061
3220
566
7905
3687
2328
679
6571
5836
4390
2563
7643
8985
5033
534
8306
7472
4378
5568
3503
4327
4807
6798
5884
2228
4297
6144
9660
4823
3660
1077
3295
9170
9005
2594
4336
8408
6050
6437
2920
1193
533
9840
1167
2202
6991
8815
137
973
6405
5628
4371
2978
6901
3266
8666
7987
6383
2175
5776
8004
4794
331
3449
558
4746
2115
9934
6850
7417
7263
2781
9870
4196
7239
9406
6270
6617
9625
8184
1219
3091
6006
5488
641
9850
7132
5656
6673
6865
1168
7037
4714
4280
1669
3010
8633
1451
4449
5854
8819
9214
5691
5705
7906
1639
176
8738
8678
6262
5957
9852
7653
7465
2951
904
6833
5164
4133
5346
8929
4779
9791
2001
2687
7495
1277
5849
2614
9154
8373
6175
1723
6491
5022
2161
4640
4442
4736
5963
8700
3822
5291
6183
3689
8343
6574
77
4327
7898
6588
1932
9701
9937
4738
4004
3742
4422
6303
244
7520
8720
6250
4203
7325
5852
1164
4255
1558
7883
7460
6125
8699
5230
747
3883
1664
976
4436
828
1211
4054
6089
5185
4497
9237
8042
2583
2165
8736
4633
1267
4975
4141
9134
3304
8440
7189
5016
9258
6751
2510
7459
259
4649
8932
7512
2572
9121
1048
3989
7898
992
8731
7731
6822
7160
3393
7393
4572
7894
2597
6877
6058
2276
9629
1923
5331
6417
6724
7404
5698
159
9061
7775
6027
1909
8891
8608
1230
4767
5944
494
5189
3741
7084
4605
4324
2576
1555
6760
572
8245
5559
4153
7351
169
7602
5678
4512
6774
2306
5238
1502
2818
3657
355
2407
5013
7195
2864
1487
8318
2999
2776
1064
2038
4419
3393
5237
615
464
5144
8506
4918
8685
6040
4616
4351
7710
1478
4176
4730
428
190
4510
3486
5799
5351
6733
1041
3177
394
4881
7482
3558
8382
5629
89
2936
6077
4407
9591
642
2417
4672
1768
60
1737
1318
1924
727
6584
8428
8644
5263
1585
2776
9959
9964
4583
3028
3470
9148
3638
2498
9903
7196
7182
5571
2727
9183
2057
9323
1910
88
263
8740
5069
6769
1777
9011
5108
3046
6760
9460
3143
6425
9438
2595
2354
4817
9898
2502
200
9068
11
523
6525
7337
572
2943
636
9011
409
661
6476
6771
7890
7596
5077
8407
5042
5583
6884
5935
8791
1531
191
526
7759
2060
2384
2457
8479
5706
5793
9778
9795
1921
6386
1124
7286
2932
4873
3415
5438
6949
9075
1688
8907
2378
9071
7710
6651
3692
5484
2264
6974
9512
9886
555
4408
8376
6796
7648
9937
8161
2188
2299
7523
4395
5967
915
8352
3131
1202
8326
5503
3748
5037
9859
2029
7814
433
9445
180
2970
2649
1143
4549
5636
4207
421
9542
6165
7476
8877
2528
8662
7578
2898
985
5879
1968
9194
2703
2131
14
8017
7475
3446
6443
5054
5098
3013
6403
9041
9624
5487
11
4779
8825
5151
7387
1867
2966
9068
1189
9540
9907
4406
1272
4364
2178
8924
7935
1125
528
8256
5677
4249
8598
9756
5045
7204
9125
1985
2179
8628
2931
808
547
3929
2661
3398
6782
5023
8153
635
1499
4954
2732
5041
4759
4073
1697
2554
303
5276
9184
566
900
5220
32
5031
5486
3962
2861
3981
1972
2577
5983
7400
7950
1437
4177
8451
3844
6281
8901
7164
1912
2029
5382
2180
454
7623
4469
8459
6721
2659
8879
9348
997
7728
3647
3806
7016
5641
7690
5500
9091
5170
9723
1465
4350
3693
2889
6847
8439
7714
7213
7008
4389
4685
1582
263
3679
3035
9977
1319
3463
2730
2011
3639
9642
6863
3622
5258
8050
9219
1516
656
2430
7513
3694
1289
4187
2666
6153
4981
9778
6867
8657
689
7455
9737
490
5973
2462
6436
4149
2878
3750
8884
3682
8416
6230
1807
5130
2667
133
4646
2657
9593
2046
5696
8543
3146
3233
8935
3111
7934
8741
7054
7977
9308
625
4481
9022
452
6061
4164
6539
9607
2474
6103
3130
8129
4587
5547
7831
7169
3628
6269
5951
2053
9196
9776
3655
8188
9247
4598
6373
1245
7652
7719
8527
5575
6749
6651
5499
6112
338
7245
8433
9456
5207
2724
3972
857
7242
8939
8833
3689
1199
5336
2142
7884
4002
2666
8387
4578
2693
5430
2182
4220
9136
6195
6546
3532
7629
1715
7007
344
8049
3651
4738
4940
6326
3790
737
3626
7759
4356
5535
6540
5397
5816
7672
4644
6661
3898
1664
4531
4644
7028
1524
6295
7856
8544
4854
1396
1919
1844
2600
4262
9994
6325
569
9306
3964
8051
5654
2030
5285
2815
1101
4613
1280
3556
4560
9928
2591
6716
8558
6922
4678
817
5259
942
1125
8005
7701
2499
9354
9194
6633
2635
7671
7253
9760
5515
1537
8912
2044
9531
7813
1249
7076
487
1279
251
489
870
8775
1849
1660
4881
6753
8081
4395
9474
9911
4863
1670
1805
4219
7495
1327
2280
2693
7978
9723
1209
7697
4665
7305
5588
7582
4239
575
2519
1339
9545
3374
7670
1818
550
5583
8321
7290
7693
5085
9262
3827
7047
4546
9076
4408
7238
563
7788
2101
1439
9792
9601
6160
2914
9867
4189
7565
7175
4636
3142
5458
8640
5934
7763
7309
334
989
3095
8942
4602
6862
4869
1271
6712
4625
3209
7603
4610
1991
264
6434
9010
269
2041
6130
9524
6273
3296
4790
8063
9238
187
6976
6263
6172
8767
2585
3349
4560
5160
5535
6364
1789
9861
2444
1409
4691
8681
3697
4260
9290
2184
4111
1336
293
5326
4381
3820
4749
1624
8357
2974
6819
6897
2135
2744
8643
4737
2068
8381
5324
4535
1300
4435
9399
7403
6062
1928
8839
2407
8858
7774
4812
9755
4194
2786
9440
800
6712
2660
2030
1232
3986
2397
8515
8002
4382
4200
5585
4477
9212
465
2198
7814
2965
2315
8084
9650
4482
2528
8514
6856
403
438
871
3256
2679
7297
1394
5132
3969
99
2446
4200
9624
8567
8079
9462
1216
4703
6375
5104
2105
6845
2037
3012
9865
1760
7448
6735
349
6832
234
8718
6945
5231
6867
3890
1041
272
3354
2074
6732
9518
5294
877
6104
3175
5419
5532
4458
6442
3186
8210
9477
9505
1522
4515
4429
7016
7806
8328
990
7545
9998
9105
7695
4903
9823
8022
9805
1849
3731
811
7186
2306
4365
2974
9057
2982
4857
7807
291
9189
5415
1772
9811
1987
7970
8609
8283
4276
5233
8822
488
943
6096
7858
8734
3870
738
7091
952
1575
6521
1135
5334
6989
373
4835
9221
1909
4928
1531
5623
9082
5520
106
6654
3496
9857
4783
2984
7887
4894
9279
9837
5444
3700
1735
5764
8606
1180
9160
5002
4688
4141
821
2405
1619
9410
3649
1702
201
7542
5486
8319
3257
9571
7026
9612
8877
1675
164
1130
1511
1748
9692
2988
222
9364
2891
9820
7430
7259
4966
5047
6100
6311
6029
3961
2930
5573
3349
2793
9554
1193
9379
2695
1995
1463
303
8199
2870
6085
7025
2061
8224
46
6287
7430
84
5909
4944
8596
1654
3463
9850
1348
3796
6162
4824
2840
349
9185
7704
8991
9373
5114
7103
3646
8266
4496
4859
8363
8552
4203
2860
6771
3379
6672
8973
7059
185
5354
7563
8656
5423
9591
6726
6216
1850
6708
9236
6395
9805
8067
6240
1365
9812
7906
1788
4144
5836
3463
9528
2521
5200
9559
9390
8648
4781
2987
4384
9854
1281
4247
9468
4798
2142
2878
9500
6231
5101
595
6998
7404
4424
6533
9708
9242
1283
2628
857
2400
1897
2287
6465
4048
6737
1470
8654
1464
7329
7805
7162
2841
8844
2330
7375
8670
4341
8622
1417
9645
8529
9407
879
6797
6069
2663
4026
7405
5917
2904
3755
9531
3397
7753
1899
8770
5111
3239
5049
7641
5753
6710
7564
8374
8153
3429
8365
3218
468
1225
960
9492
4398
5810
669
7759
1256
2310
9316
5416
65
2804
66
5022
3787
5690
3887
277
3939
6751
8785
8865
6788
2942
8244
6438
3576
7550
2262
5316
4929
7524
7686
67
1756
3275
3233
7783
5678
8771
6660
5311
6924
9588
3532
376
9232
4479
8769
522
6856
3082
940
1774
3748
1900
5243
5828
2647
6485
7518
4723
4430
6109
7860
7546
5495
1294
5954
4582
8242
8697
6876
1309
5052
596
8239
3188
8871
7275
6740
1765
3951
3504
8913
7480
4867
2515
7484
4377
8365
225
2245
3966
8843
5624
8831
9800
8677
3865
8689
6796
9247
1119
7645
9153
9756
8489
9190
6093
4497
3634
4258
8174
7072
6409
1804
723
2604
4991
1695
9041
8359
362
8233
5139
2558
4468
2163
9654
8318
4716
2446
6009
7102
3985
5802
1689
9722
661
6808
3609
3598
2742
9045
1338
5053
9727
7686
5758
902
2157
520
6324
9039
6484
3189
1291
9736
1219
7288
9896
2673
8282
4174
5309
445
3808
5963
5045
5422
3046
829
5370
146
6893
9097
1052
8615
4926
8496
5536
6032
7635
6647
4969
7137
105
8735
7410
2670
4439
7642
5110
9774
2788
5187
4895
5816
8963
6449
8554
5046
4311
2226
8373
5025
2830
2001
9114
6965
2479
3402
2500
8573
3482
3123
2710
9793
4146
5096
9431
4280
601
1832
1902
3539
2670
3624
6317
242
5443
5671
2074
3584
8173
6200
2020
8701
9676
7738
6498
5624
2754
7331
7108
1782
4380
7320
7989
7572
8866
5498
1795
1846
2263
9231
6587
2911
3212
1944
1195
2622
2193
5326
3046
9024
20
9122
5686
6077
6023
5943
5644
2248
5738
761
8310
3328
3912
4489
2867
780
824
774
2104
1728
9051
355
1918
3186
1139
9461
5132
5579
7901
4920
291
1261
3483
3685
5138
4130
2901
8462
1670
1393
1436
7397
8414
6939
1077
6457
7317
2903
9837
7147
9773
6739
4457
5137
3857
2279
1490
7674
3243
3987
4478
2376
9771
1422
1643
8450
2267
9287
7149
7059
3320
1938
297
7537
2412
7959
6517
8411
7987
5617
517
5174
8075
1971
7292
1717
640
3726
2158
6108
7702
8055
29
1843
1829
8569
7618
9794
1353
7721
42
1706
2920
5721
619
9142
9767
668
6482
5371
7053
5434
1605
8357
2046
6356
8544
9294
3296
4224
7026
2946
9214
9691
9750
4910
6131
2701
9195
3874
2723
314
4481
8039
578
7671
5463
7270
3376
1255
5418
4604
9030
7122
1463
6092
6060
6955
4060
2472
5775
7459
3028
8785
4948
7709
5006
1269
9733
7175
8274
7241
6022
9219
7795
4873
3
2244
2304
7205
3113
6232
7248
1076
4797
2888
6332
7675
8593
2570
1782
4156
9760
2296
648
8563
5770
4255
7364
3685
7494
972
6704
4562
7454
3092
4592
6777
4385
9637
4211
1612
1974
555
2346
3728
5651
1419
6721
1062
6885
2272
4981
6104
3132
8906
3095
4234
5537
1904
3318
6207
568
6598
6798
7432
5443
7946
415
9315
7120
8125
7930
3723
7593
1233
9556
2173
7607
2803
8647
7989
3593
5872
2395
2635
8523
7299
6188
5613
5246
3244
1035
1111
8276
7719
691
236
1020
926
9177
588
5171
4149
1193
101
203
4050
1638
8893
1650
6680
2946
9175
2190
6830
6326
5503
7774
665
4018
1212
1928
931
2789
9673
9921
5709
1971
6127
2458
5009
1433
4824
3695
5690
4387
2803
5789
7611
8155
6539
239
2919
7571
2999
9576
7734
2991
3434
1675
9711
2353
9887
4958
6063
7236
4519
5960
5969
59
5556
1038
7571
5075
4652
5468
8100
1356
4693
3027
1072
5643
700
5841
9551
2559
3386
3070
5096
4896
1803
5522
2991
3883
8739
6506
5589
3721
8385
3463
837
3584
9643
6260
7378
3384
4757
9893
8049
7286
6382
4583
4740
1009
9399
5801
3497
631
5324
1101
268
9233
1342
7992
3303
6525
4711
2102
46
9052
8444
1123
8572
5290
7910
9896
3712
3373
4789
3937
499
9400
3304
8264
699
8141
4441
8679
3467
2586
5632
1994
2536
8382
7579
1913
9694
5745
3831
5365
5386
5499
7851
4921
988
390
8511
6462
7237
3013
52
443
5553
7472
1637
9276
9313
5182
9019
3183
6659
3186
3005
9660
3349
3318
8296
8718
5660
7664
4537
573
294
6667
230
4027
1091
3791
829
1933
9713
1678
9807
2055
4180
7983
9803
2387
4094
7502
6361
8590
4100
698
1067
3867
7495
4080
5836
4720
8582
3936
780
1348
9679
5996
4900
8594
9941
5818
3460
209
6819
7481
4825
5245
8499
613
5677
8656
3271
9171
3
2829
6326
6148
3699
2169
7065
1569
1986
7851
3187
6574
9349
2279
4350
4114
3346
5785
7930
3910
6877
346
4704
9500
6451
4160
2622
4267
7065
4532
6770
4747
8926
3646
6388
5766
3156
8036
6202
2123
3118
786
9101
7387
3703
6400
5494
9840
5189
5441
5770
6006
9487
7455
3936
3955
9854
7716
3730
1746
7004
7431
6042
3007
6707
1991
7170
8931
7036
7541
4081
7763
5231
8828
4154
9957
5827
868
5148
3335
7017
7722
6015
1006
4206
216
445
8152
3538
3857
6313
2573
9768
361
7748
5735
4210
7700
3496
3236
7530
9974
377
3399
4066
4806
5716
7644
1956
3895
2659
4020
5382
3905
5508
4776
998
3696
8282
1837
4017
7884
2253
8637
3041
4796
5104
5009
8105
1634
2810
9992
6322
3098
5314
3737
4066
668
2067
1243
2199
4086
1650
9011
7347
7321
2828
6946
6980
4648
487
5492
4184
4470
5579
4895
4322
1436
3019
4703
8010
4300
9414
1085
6712
5765
4859
572
4905
6392
7593
7161
426
4674
9960
4651
5072
1834
2417
5938
8368
2924
4261
4055
8227
2897
8749
1798
2
5317
8693
4978
7387
9713
9175
1614
2937
2963
9686
9836
6775
7543
5933
7
5590
6654
7885
8566
4659
5995
6258
2468
3470
5257
5290
2754
3230
2850
7753
7809
4187
3815
2191
8948
5430
8390
4256
8453
2168
9312
4287
4926
2742
7432
2917
9401
4279
3776
4398
3076
815
6082
9578
6708
2347
9761
6694
1896
9703
1000
5111
5445
5216
3489
156
408
6938
4274
3381
4402
4661
449
8132
5173
9407
7060
2372
7293
9195
4534
2596
2427
9163
7197
4931
5966
5868
9407
9552
2275
7906
3150
6343
197
4396
3356
3281
454
5678
1233
7824
9604
2368
4695
3485
1687
8653
1013
3565
5613
8870
2913
5889
6420
4207
7297
4926
5333
4994
9641
8347
5680
5998
6150
5412
2066
7179
6794
6882
3731
8959
7586
2016
2302
1023
7964
432
4903
9161
3517
4439
4828
6892
930
9645
2222
7182
596
2047
3811
1175
5706
9408
3956
9194
9319
293
8379
7733
7689
3637
3337
9206
9725
8954
1546
1038
8277
1408
2029
6085
5884
9590
8868
1353
9165
1575
8089
1129
1845
8185
2169
4224
3072
2443
1631
3591
5103
7878
8042
8368
9024
9698
2219
6002
8106
5298
596
3290
17
3747
2510
6411
3282
8245
6084
1685
5847
4881
7280
8089
6813
7034
3307
2486
4283
9909
6529
2541
761
7404
5143
2232
5855
3523
6060
397
926
3079
6434
477
8645
9894
5357
380
5772
4877
9592
3819
1378
1496
4776
329
7864
5279
5934
9232
4250
5916
4887
5304
9092
1319
5468
7699
2336
8557
9719
1668
8315
7398
1685
840
8371
4008
8502
4328
7919
4694
9598
6141
2004
9960
9168
4168
5563
6006
1312
5272
4643
778
805
2002
2335
7702
4922
3722
5778
6164
8933
6851
6037
5265
9146
7417
1376
9049
9990
3466
9976
9390
5159
1694
4239
2536
8223
2086
250
512
8262
2591
4949
69
9529
708
1088
3184
2531
9414
629
8866
3831
7076
4968
889
7403
4744
5088
232
6772
9108
8413
3772
198
8945
6795
763
3375
8622
6725
9441
9930
9519
2105
5235
2246
1862
870
3599
7362
9801
1158
7708
3025
9815
2064
2935
2187
247
7541
9550
947
9639
3961
5427
9605
6099
8935
7067
7832
7303
1477
7314
6313
9762
7
6406
3667
8215
3363
113
3805
4941
1243
1277
2222
1
9241
6823
7528
4928
8054
4644
7399
9198
5039
1171
1560
9309
2016
8025
2080
543
7763
8325
3967
1044
2058
2808
20
5873
5123
3264
8235
4243
9246
7490
9029
3901
3830
9666
7066
2230
6883
4860
9479
815
5696
9964
7894
9794
3416
2085
905
3699
923
4601
6452
849
7947
2781
8592
349
1357
5062
397
2317
6234
3483
2391
3427
6679
1050
622
609
6103
5140
5501
8676
3718
1315
1836
5681
611
4170
8516
6971
8408
9752
703
7376
5059
766
5744
2450
1624
6580
3530
8118
362
2578
6245
6393
8242
9469
3158
6409
432
5381
5945
9912
564
4756
2730
4207
3832
9999
7224
655
4343
3044
4316
7786
5428
5593
9544
4462
8867
4746
7598
2367
6758
1840
6029
9968
549
6486
535
4851
2360
2284
3803
9551
3481
6185
6144
6404
1018
1096
8475
4181
3794
4015
9969
2548
2614
9143
2051
1077
4223
5954
8882
4044
8835
1773
405
2634
5597
9897
6273
6541
4316
1111
3336
3804
6601
4053
3085
1824
7738
989
9251
4425
8664
5873
6020
4278
5677
1938
5340
3395
9163
2793
9285
7995
7429
76
7964
6914
8565
2187
333
9529
8714
3931
3697
768
7752
7503
7606
6838
1918
6319
6480
3227
4555
623
4113
6750
8871
5781
9377
5379
9932
3144
4105
2669
6928
2440
7431
3907
3836
9089
2412
8973
4970
2336
7171
1547
94
6203
8128
6526
6112
4114
742
7212
8106
4249
3169
8602
8676
9036
7051
2149
4734
393
9930
150
9936
331
2046
5618
1192
9589
6304
1379
3841
2262
2995
9865
6805
6343
3233
7398
9392
2771
3219
5193
809
6536
4368
1998
2987
794
8593
7850
5624
9920
4511
1972
5381
9047
5420
9083
3602
3743
5633
4719
8540
1898
2981
5595
6189
1503
6317
9973
8574
416
7850
1723
8506
4057
6971
9650
2709
9566
30
3256
7735
7370
3494
5803
6856
842
3447
1472
1542
6058
6601
8241
7206
8047
3713
6560
2730
4600
6932
7633
4809
5986
8225
865
1957
2796
4418
205
4480
2292
1836
6161
7783
9388
5019
7807
201
1453
4396
6812
36
3520
5955
6608
3638
9691
7578
9998
4168
2862
2240
4138
7144
3875
2945
8743
1601
2680
604
8660
2050
2269
6263
7829
76
4948
9953
948
3474
514
2695
6290
786
1462
6503
2858
9716
4558
632
7219
8726
2737
3723
5517
2771
6228
8168
5316
7234
4855
6377
3883
6843
1596
4108
8223
3654
5025
2131
5681
8256
4115
6576
8502
2248
2476
8430
5565
2422
8636
4803
8314
9387
430
9090
1933
216
6837
5333
1069
5143
6004
7040
9392
817
2276
1351
2788
193
6018
9162
6136
6913
4179
5367
503
3
3676
4071
4520
4868
8498
5023
5355
9801
2639
7323
6899
9003
8725
2428
2595
6512
9715
99
9684
9261
7216
3891
9953
2403
2595
493
467
9847
7477
255
2143
2373
7888
7307
9433
762
3269
5723
5771
4105
5991
4498
4440
163
6844
6979
5816
9852
9791
9172
2379
3395
3862
1788
8614
1228
9439
3028
7091
6282
6332
287
3717
4555
3665
6191
8204
8421
4825
5431
1083
7439
3621
709
7804
9170
8544
1107
9948
888
9993
6415
6897
423
7847
9450
6074
2448
1640
9345
5605
1304
2677
3231
658
9468
4106
3547
399
5511
7404
6298
7137
2980
4361
8859
8476
8123
3444
1855
8754
6901
988
1048
8324
303
3852
5109
6387
1623
8936
736
3705
4161
4192
659
9919
3683
3046
8846
2382
9451
7813
2808
9124
566
1787
30
9816
4023
5437
7283
502
1244
7516
2401
2781
6332
4268
9850
6376
1260
3863
1264
6386
3638
8510
7863
8275
1183
9933
117
4045
2993
9817
7078
9370
71
4129
7877
9151
3795
5488
8789
6456
2970
9089
3409
296
6645
2498
733
1724
9168
398
7493
1275
6882
592
6348
3673
1712
1460
8564
5092
2606
6431
6108
8501
2517
6621
2517
9604
9072
1991
3357
3322
3222
8310
7680
929
4848
6491
1394
5321
4470
409
1999
5351
7847
3490
5322
5044
9910
7473
1759
6250
4825
639
5119
7326
5512
1870
4160
3097
5273
4383
266
8072
8147
8960
1056
4909
7862
5095
6835
7967
3139
9628
5989
6432
2527
554
7816
1511
2423
7212
4041
8563
2523
1616
8096
3965
8362
9757
3432
8585
1657
2763
9149
9850
6209
8021
5742
1601
9147
7323
9743
2110
1135
2910
7269
4661
2333
2159
2791
4563
5311
3554
3121
1372
7779
5768
6510
409
9871
5383
3204
4362
5806
1506
8906
354
2499
3255
574
3322
4900
6085
9155
3975
5290
4805
284
5
2712
2605
6092
5818
246
8351
1720
9082
2184
3780
6034
5974
2838
8774
7693
7258
1749
1902
2954
7735
1678
8783
9377
3709
7773
4643
3306
2117
2081
5883
3358
664
5708
9630
9211
7001
2458
3696
8645
2721
6354
4775
1957
1743
4232
6845
1698
3832
7169
9401
4699
5185
4512
8751
8194
7944
2746
8114
4720
4148
5822
5348
5710
5928
2349
5192
7998
8568
3423
377
6560
9956
7165
6271
9274
2730
895
1764
9258
9178
4525
8070
1944
5011
1301
2864
4818
2713
2395
8161
6057
3504
2041
3494
1315
9287
2521
8128
5229
6746
1919
8192
4200
8734
477
2766
7933
6098
356
5726
4161
1649
6430
613
2169
4187
5600
2265
3450
8271
3094
8120
9219
2437
7656
6244
7586
3512
2775
6485
4968
2885
5390
3426
4154
9443
1029
1556
5526
5873
5594
4789
8600
4126
8560
5768
9897
193
6608
6874
9091
7435
2959
8892
8227
3082
7776
7302
4801
9374
3942
4618
1498
8711
2757
9767
7576
4744
2273
974
346
3943
1808
1721
2363
8418
2650
6277
5283
3641
7043
2591
9339
8167
3593
9847
8847
5518
3686
3474
2893
1018
8696
2908
4974
6175
8720
608
8013
8361
5956
2353
5032
1590
3730
7975
5010
5038
10000
5155
5771
8620
6258
3854
9102
7669
8314
697
1438
4284
8206
9681
8285
9320
8850
2506
3593
7469
768
5935
5529
813
1009
4793
1727
2918
9066
9136
8137
3864
7027
8996
1457
5912
1757
6183
2477
6475
9347
5421
8123
444
2474
2875
5395
5180
5966
1660
3022
9949
7029
7197
3379
9235
2460
753
8752
1857
7720
3289
9712
815
9248
6867
1723
4650
5087
6300
7124
7651
6337
331
6219
3791
762
925
7345
688
2142
4162
9535
5389
6345
5171
2825
8535
3508
8938
5628
8550
6172
279
6526
2630
5745
6070
1602
5305
4775
9984
6685
2004
4815
4990
99
1358
4522
528
845
4339
8392
3689
5814
2111
4392
5530
3985
3462
5586
5362
5742
6581
9159
7535
2731
6683
4331
6776
286
9576
2992
6002
5051
7706
5503
8865
3209
6735
4546
1890
9179
1102
67
6902
3939
4815
3092
5929
8713
5418
9994
1694
7782
2580
230
2093
7736
6387
8544
8174
241
1904
1916
3118
8536
5783
522
3663
218
9421
9863
4244
839
4298
8653
2341
6727
1971
1983
2532
5819
582
2694
2033
3537
2815
3253
7952
4911
4758
7144
2208
4066
1713
5729
7067
3481
9308
6861
2909
233
3973
313
1000
9892
6089
7510
8534
5191
862
1938
1400
4617
2077
4790
9677
5605
5936
4133
4390
5568
6714
9163
7240
7489
184
477
2098
8076
6619
4850
2679
2249
7780
8380
504
7461
4631
4086
3389
8078
4030
3635
5800
690
8080
2968
3994
4996
8017
371
3617
4173
6095
4290
6704
1074
7424
3875
818
4727
1726
3059
6576
1062
2527
1678
6021
524
8404
8698
1017
1639
198
5046
510
3760
1755
614
27
8586
9454
7137
3668
1451
2189
7930
6493
2628
8411
9421
1578
8408
9919
7982
2340
9086
617
3450
1212
5926
1653
5921
4426
5299
8867
5744
7709
9194
601
1947
8823
8076
1537
157
4003
6718
1727
4132
5644
526
985
4097
8262
2538
9520
8334
4395
62
8096
1257
2666
9801
5670
9840
2884
5514
8892
4390
5263
4263
7159
8575
8825
4450
6383
1099
1628
3527
4125
6404
8513
5675
2362
1016
2253
3173
3493
4135
4922
7256
5118
4835
647
8325
4265
2885
9078
8252
6706
3227
6335
6651
2688
4284
9607
4256
9509
2030
3773
2771
4092
1556
6079
7203
4137
7758
7980
7243
2195
8664
6945
5844
5570
7976
3887
8715
1157
1671
1360
915
4455
4473
2682
2725
9153
2164
4459
6163
753
1117
878
5444
4644
1082
1580
8109
3941
7301
237
4811
3754
7958
3988
3726
5702
9052
3868
3090
5352
8691
2844
485
4439
4471
1711
7254
6731
1154
7811
1918
851
6240
7247
2120
1412
4794
6850
1525
7885
6402
3345
4770
6690
1527
9383
547
4704
1637
5461
2874
9857
4190
4135
7484
4682
3258
2855
5893
1037
5440
7099
9026
1983
2407
8634
566
4690
1185
1237
240
8739
1899
1716
974
145
3130
7203
2302
2300
909
3099
5663
2344
1087
1878
3069
5478
1527
9396
8251
4175
6100
8195
972
4050
9203
2264
3542
654
5106
9601
9242
2267
305
9612
8847
6765
7574
680
8616
8390
2943
8616
3326
5706
1385
3873
4979
46
3002
2086
4850
7227
1105
9705
2380
7732
3705
1128
2239
3763
4558
1290
5242
5610
8064
4756
3473
2669
6692
274
8630
3304
2295
5385
9143
8008
8356
3871
4431
6091
9353
4682
3019
8507
8292
1548
3960
4171
6343
7733
242
322
1069
8864
4613
5997
4456
3769
9725
8412
1275
4658
9548
3280
2116
3960
1247
3621
8312
654
3641
9297
4275
1526
1011
6251
3719
1406
523
3785
4013
1899
808
8746
3981
1218
3552
3019
2632
4864
8758
5156
8126
9729
2945
9288
5062
2122
6702
684
6674
5373
2685
5024
6478
7644
3521
1463
6526
6558
3785
5609
4854
1370
3291
6418
3366
3348
1823
7558
1904
4131
4967
301
3083
1279
2135
2901
6163
6879
5873
3572
5632
9180
6368
9892
8533
651
1980
3395
9991
7010
3756
5753
4477
7969
8889
8190
1064
5338
3000
1243
6212
9936
5609
430
6271
9571
6325
5601
5475
3660
3056
251
4685
109
3843
9459
5697
5476
3902
4579
270
9865
1449
1958
234
3483
9006
8884
5958
9525
5663
7263
7553
8127
9324
2693
7610
1943
2879
5769
5844
2026
8021
1013
3160
5718
7624
8332
9263
234
7535
9331
2835
4986
3226
3920
748
6212
8277
2998
87
9996
4181
7024
5878
3735
1793
3481
1990
7213
3540
1572
1795
5402
9318
7050
2614
5757
5113
4869
1966
8431
3327
8202
1974
5160
4816
3938
5770
5458
6455
617
7103
5852
7005
2751
1537
2634
9159
5331
3792
3266
1520
7294
3712
8158
1949
1517
1488
8286
3839
4320
6442
9827
280
4260
1496
4724
8610
4305
4338
172
8734
9108
4697
271
174
1896
723
7048
4425
4830
2327
4045
6767
5985
4511
3701
107
5225
9068
7747
7753
6004
4652
4792
5967
2200
1849
5707
1747
5854
246
1796
3379
4787
2189
8511
3844
5445
910
1981
7360
8132
6090
6745
2822
1635
5333
4792
9944
8863
1965
9122
9695
1413
8105
6649
9803
5255
2113
9803
2563
5049
9629
1553
697
6762
38
5430
826
2900
6064
3501
1993
6296
5370
1327
1970
8220
8468
6300
2470
9313
2138
5892
9115
7081
1066
5676
2978
6997
4321
8488
52
2493
6676
8479
3871
2071
9959
2555
9123
8446
2046
6235
1787
2089
9330
9805
751
3800
7114
8761
2960
4397
3028
8840
8555
1043
2787
9832
3716
48
1135
8074
5996
965
1708
3208
783
2929
9564
3107
4155
5804
1195
9526
8772
4153
6689
8341
2507
9921
8029
5100
5925
314
4943
7742
5429
9243
6635
6070
3554
4776
6196
4585
9746
3120
2552
6585
3682
7950
5214
610
1697
1119
5407
9393
8353
6873
7968
4835
5807
5007
2135
8330
2227
8465
697
7651
8611
504
2321
9540
5008
2923
3019
6466
4647
3091
2494
8440
491
2150
2677
1371
2008
6508
3378
1473
5430
8311
6756
2914
9458
8640
9121
428
1964
2913
9633
1859
4981
5736
8014
8
2036
6088
4302
2022
7976
1933
5528
904
3645
1164
5227
1844
3361
8728
6462
7170
2358
9553
8002
8432
6680
976
3598
3247
4873
1901
6315
8824
4817
2676
3524
4978
1779
2787
2728
8938
5743
2222
7296
3988
246
4456
9980
3014
5573
2155
4236
5077
364
6071
7803
7366
2775
8487
2532
2986
683
3189
4365
6202
4486
8010
2084
136
8958
5618
1609
5620
219
862
9792
1145
4784
9607
5462
7837
8031
2326
7707
8957
6581
9852
906
210
7388
8114
9005
3558
1916
2808
233
3264
9516
453
1256
7662
8028
6890
9641
8845
5245
9611
8296
1329
9192
9966
5749
1276
2117
609
7141
3358
1533
1668
5594
1224
428
7175
1319
8655
4364
7008
6905
2273
4922
8812
627
3403
5414
423
215
1214
1658
655
4263
7154
5635
5582
8023
2338
9157
3070
3000
6337
1237
8422
529
5808
4754
1403
827
9107
1770
6369
3081
5354
9802
4756
702
9401
4352
9789
7268
339
2116
4895
1989
6255
2656
5963
7633
3864
6076
3336
7514
2663
2684
3898
9015
9257
2997
1329
2420
8982
9762
1656
1112
2024
4695
4022
2898
5388
1658
4790
6200
2696
6601
8948
1328
2577
6392
5757
4572
681
3565
1001
8537
8993
8266
9189
5151
347
6620
8588
1762
950
7620
536
1553
5525
4407
7873
2284
8636
6996
6245
9975
8586
2268
7887
8901
6744
2646
6918
2954
2731
6358
6969
6278
3395
4410
5292
8987
7136
1393
922
603
1367
5842
3188
8205
3982
8464
624
4384
866
8404
4547
1309
8711
2071
5935
3335
2714
2986
2504
7519
6255
7811
8364
2333
3041
4958
1313
9845
1377
2456
8902
5237
7515
3011
6627
5799
5937
1890
3115
5716
1970
3816
4815
4938
5885
8123
946
4904
5863
9724
9916
662
9060
8664
3743
6139
6218
4708
3896
5881
8713
6886
3476
4575
3458
7374
3344
6449
5830
5690
5914
7447
767
8766
1567
6092
8147
364
7400
5875
3847
5035
9238
4475
7329
1525
8121
6382
9927
6533
8669
1163
1802
8693
6037
1592
4523
8197
6287
4321
9081
4621
3588
6122
5211
5098
8334
7733
6823
5185
4034
2860
8499
1485
5833
7575
8832
5934
1940
7850
1761
4377
6924
8601
4265
5140
3002
9140
1955
9418
5151
1825
2878
6297
23
1517
6808
4938
4547
4798
6611
165
2218
7567
441
8425
6851
8333
8546
4385
906
2827
2931
7959
6921
6719
5016
9550
4812
4996
6717
8082
8629
2368
3672
568
3665
1592
4595
9869
2965
6736
2776
3169
4077
6001
4491
658
2910
2999
5350
2228
6573
2365
8437
7806
2317
3367
1955
1710
1402
1641
7626
8700
9204
6459
2578
5461
7876
7850
8787
8614
774
9462
3910
2051
1845
3299
1407
8594
5789
8088
625
7587
6536
2206
6915
5377
9853
6110
5563
9066
2602
9231
554
2932
1778
9901
1684
6017
4035
7992
575
2301
2276
2676
7197
4037
6956
4780
724
2340
4561
1411
5890
7524
7281
317
5562
8588
2162
4748
4048
6818
169
8070
5460
9948
6780
6261
7312
4209
5548
437
2443
5211
4616
2464
6969
121
8125
144
9219
7708
4405
9595
2297
6775
5343
4370
5937
8865
5796
8451
2184
225
8527
7163
3317
8078
4539
5434
5576
5245
4342
7770
4451
1250
8904
3559
9518
400
7141
2115
2173
2419
5550
7581
763
6169
6269
4817
4903
763
2521
5547
5593
7437
6015
7773
6220
4440
1128
7773
4487
8608
9482
5686
9378
688
1538
5101
6673
5276
9044
3150
6966
8736
2153
1255
3256
4748
5814
7454
5068
9212
6043
3855
3514
8561
3412
623
8740
329
2601
8582
4317
7335
2981
9132
2991
8689
5704
5844
2978
6029
8097
3179
3902
1114
5378
7912
1117
2771
7252
2792
2621
4506
8609
887
5502
954
949
4564
6720
3880
4053
7967
8164
1565
1999
1430
2119
6106
4449
2431
4604
6309
4619
2729
7396
6097
1258
9491
7381
3344
147
3405
1795
3621
9971
1293
9105
6477
7259
3864
3289
7161
3065
6473
5502
3384
1328
7399
3017
9006
5765
6419
5160
6900
8090
5543
3651
1809
8268
9453
5962
6561
1565
622
4839
3712
3906
2256
9898
2926
6530
9346
2031
8613
709
4128
4121
5768
9282
8111
7150
6937
3538
4770
1236
3404
6329
104
4468
1731
9227
852
6985
9980
3258
7378
5293
6057
8053
7584
4090
584
479
5380
1987
5674
7311
3904
3853
9463
3857
606
144
9637
1410
6827
6400
8817
7417
8162
4939
9433
6150
2710
4093
4800
898
1772
5765
9389
7095
8626
9710
8132
7942
5493
7030
4510
3043
5911
9839
7376
1926
236
8249
720
6990
8344
6128
5443
5378
8038
849
965
2480
996
7241
6008
5076
7782
8035
4252
5053
2469
6461
451
5496
2819
9524
8635
2260
2741
7284
8729
17
5931
9410
4748
7489
5389
1087
8423
8310
1779
3353
7088
6078
8980
5327
5313
1459
2429
5409
6094
4237
4463
5814
3502
773
6782
3973
3121
311
4160
8578
440
4233
6582
536
8436
7770
3377
7946
8581
5934
4273
9801
9036
9025
1548
6993
5304
8941
6420
2671
1308
8682
1648
7811
7880
4975
3817
1706
5144
1852
4049
3004
3388
8707
1566
9659
3997
3617
9692
4680
9287
9629
3672
5088
9504
2406
7198
9639
1021
6749
2131
1475
1465
7091
777
9685
4193
4080
4440
7334
7127
3546
5691
2323
9915
9245
406
4853
7728
7298
9234
283
1958
9841
2780
7792
1445
3289
4307
536
9053
4779
8975
4387
7418
3529
7148
1675
408
186
4024
337
6655
8718
434
9949
1259
8510
5623
6585
8656
8197
1837
6144
1286
980
5610
6458
3960
2921
5643
1272
5575
1318
6435
6899
5980
6814
7640
6571
3680
8248
3773
805
9529
4460
9757
2234
7293
5354
438
7628
1324
7547
3332
6985
3243
9193
381
8266
7026
9854
7331
9133
1867
6774
3936
2452
8463
6740
683
2927
6227
3690
9971
9028
7300
9960
8930
8973
3608
9506
3475
2031
6112
7228
8577
8758
4053
8814
456
4015
8896
9271
1053
5384
4093
9444
5244
854
3252
7752
975
162
2593
3438
2336
4670
3853
2874
3574
6880
959
1597
4167
984
5994
9318
5734
3836
602
610
2627
2785
8776
6261
848
1940
471
5415
1011
2112
4854
1196
933
2717
8644
1959
5835
5322
6442
4657
1489
3294
9378
5732
4512
1265
395
9207
7459
4491
4134
4238
4918
5656
3164
6578
3368
7678
5516
7055
191
7406
4920
1470
5147
3728
8783
2728
9118
6439
2762
6313
1375
4502
3435
8851
3333
5144
8204
2435
2512
6802
7394
2781
6815
3855
3284
568
6757
5567
4570
690
2343
7879
717
4823
9537
3344
9747
52
4441
2675
9345
9661
9289
7084
8487
4400
3928
9000
340
5833
2909
3133
1937
6392
5278
7606
9594
7350
6117
4907
8847
2224
3499
2569
7301
2680
2258
6068
5606
6343
8952
3485
1892
6344
7499
4020
7446
6506
4088
6699
8235
9985
3982
1158
9569
7111
7058
592
6872
6719
2269
4250
5460
8535
1657
8783
8278
6400
7504
9506
8401
375
7318
2112
9462
8343
1510
5532
8555
8417
6299
1981
4234
1261
1736
4591
9820
3423
9147
7830
6377
4564
9015
7356
2058
9119
7384
2826
8277
2655
6555
1701
4706
2921
9381
382
3867
5290
5244
2416
7674
6671
5493
7356
8888
2069
9896
2771
6704
8808
8221
2823
2958
642
2509
831
7606
8799
1532
1343
6779
7911
1321
2952
1166
1639
9441
8998
6446
7998
7112
1821
5228
7259
8744
1418
6374
3423
726
546
7752
4650
937
9954
1166
5466
6856
6918
840
9108
3734
1558
4075
8060
7135
7547
4
1234
3561
2471
8864
3327
9100
9531
2981
32
6235
5846
49
7284
9931
1614
8580
9801
2338
1002
512
7318
5930
8648
8379
5659
1728
226
4055
2383
7513
4820
5415
1060
3589
4865
8323
4182
6017
9678
1274
862
656
1017
4303
9171
4521
6520
670
4340
8001
1453
7280
9487
3561
3555
2699
4786
7728
7818
5650
7478
143
4248
3292
8309
2879
6450
359
183
6615
9506
1712
4334
6138
7622
9194
931
3467
4036
6082
1142
2600
9603
2254
9296
8304
730
3421
8187
6448
2869
1058
4210
7653
351
5382
1317
7017
5026
2187
5378
1763
1191
1733
3301
891
9538
467
5191
9806
7026
5349
1966
9164
2443
3376
603
5323
871
6278
2379
1887
9440
2977
6915
9045
3024
3742
2128
9854
5898
6466
4769
3153
9826
6668
9188
903
7252
3055
213
283
2382
7333
3335
9872
6590
4461
7688
6430
2964
5255
586
8446
1918
8055
5148
6695
3220
4594
3477
47
5770
6730
6950
735
1413
5512
3723
8590
1366
7468
9792
6085
6775
7125
9167
460
9584
9746
8952
8141
6279
7289
8142
429
340
4398
8862
8599
8750
3100
5784
4587
229
6298
4633
9709
9552
3853
4832
1692
6980
493
9126
2338
7445
5232
474
3822
5502
4067
7370
6754
8498
8992
7983
9636
4844
4668
1223
2725
2119
3489
1788
314
3729
1759
8709
4825
251
2750
2559
2751
135
3599
329
5778
8039
6631
2064
8118
7547
3320
6422
4365
7637
830
1976
5103
6316
5158
6093
3791
4125
5543
2743
4695
6269
7827
6318
7002
216
8072
7807
2045
7991
7864
4823
5876
9630
7175
7575
3485
7447
660
1519
2658
5871
5667
7006
3019
2291
5347
7870
5721
2173
423
4024
5658
755
536
9577
5969
3062
8812
9979
6075
9651
7172
974
722
29
9230
3868
9893
6445
5473
4248
2018
9462
3025
6775
5814
3965
9500
613
1178
5914
5623
2446
8886
1827
9462
9918
9718
9205
4279
625
1697
3708
6920
3788
4225
738
9379
2734
4941
2013
1853
7482
6766
7258
4533
6664
1365
7599
4402
8467
4828
372
9818
4956
7070
495
4379
4969
3158
9603
8188
4735
3089
3277
3977
5239
8554
5021
47
7099
7084
2336
6726
6846
1315
3822
3059
458
9807
8491
4166
8424
4892
848
2447
3432
6272
7052
229
345
6418
4833
6193
4608
8262
3738
5189
9678
2326
231
3926
5743
9360
7589
6590
5429
9321
4598
2481
5838
3161
8811
3650
7150
8016
1603
564
9612
4644
1823
9496
3489
2724
1110
5998
3694
2539
9521
6163
9124
941
9072
4065
7607
3747
4861
6976
7402
5667
8920
516
4173
6477
2830
334
5885
6878
6146
6660
2113
9781
7570
2605
6528
4087
9391
7383
1114
3992
1288
1413
9677
621
4116
9971
406
5667
4591
9820
4569
7575
3055
6113
9717
4692
832
4969
5908
1219
6087
1552
6401
9284
8904
8168
8577
3042
1574
275
9500
913
3779
1673
8562
3909
8917
1985
624
2310
7500
8268
9713
3248
4263
335
4879
6874
86
8570
6977
95
3209
3064
9339
7539
2248
6414
6444
3970
9917
6506
2313
322
4306
9612
2176
4861
6254
6590
7748
4748
6145
1026
7197
2577
1347
8274
5687
8011
7245
305
7176
4701
6314
9753
9682
3203
4109
54
98
663
5329
6344
7831
7518
695
6261
1357
9069
1451
2778
1801
3404
5427
6610
5824
1806
3364
8683
7549
3515
590
8443
1092
8401
1230
6921
2683
5960
6257
3629
1901
1054
6561
2157
468
7692
9485
4184
132
4989
4572
3907
6460
5479
7613
7175
385
2021
8274
8315
4701
9155
9166
1637
1283
5787
362
156
9860
2375
9339
7570
5099
9205
8837
740
1614
7545
3829
8279
3682
844
1018
5292
8761
5583
2899
3707
2473
7681
2775
4389
6602
7934
9573
9643
6334
1624
1352
2499
3527
1158
4807
9477
6745
7145
4243
8940
6168
8669
8097
4264
9013
1413
3229
4294
8844
6720
8442
6494
2452
4985
7161
4767
5507
6033
3748
3549
9688
6908
1551
4873
1712
6185
5109
4213
2026
8074
2042
3764
920
8012
3042
6631
7189
1301
7896
2597
3494
8257
4088
2310
19
6162
474
4582
4486
5633
7506
8825
9488
8572
571
5638
4299
2133
199
6119
4184
4257
8346
6583
2783
6435
9532
3490
7821
2794
7792
5653
7217
2375
9947
5440
2287
2214
8084
8464
3805
6828
1010
1103
2155
7798
8571
5106
2027
4178
9707
9772
1242
6589
9696
2662
1055
4804
2115
642
1987
214
3568
7456
8027
4216
169
7651
272
1086
996
7538
8612
6328
8429
318
1934
5325
958
3277
8953
8051
2364
873
9089
3081
2376
3209
6285
7879
8533
2739
6313
1070
5770
520
2345
3832
2781
8343
5476
879
8944
6199
1317
4698
8223
4222
2629
7543
4191
7270
6489
64
5169
7166
2781
7871
7205
6570
2360
9979
2717
581
7807
396
9102
3644
1392
3558
9217
5393
7441
6755
7572
9794
3827
4995
8340
2485
64
1936
5099
5035
2504
9086
8916
546
1231
6322
3616
1393
1653
9005
3981
9512
3522
7525
9498
6630
2895
7028
5497
6963
4253
4980
214
1035
3477
1246
8901
5341
4768
2779
1643
1808
3019
8379
1783
2164
235
2623
4127
2661
7163
4006
6080
4385
9704
6518
4372
8661
6159
16
6289
7161
6007
1605
8579
3888
9310
9801
59
6264
2948
1547
1974
8758
1283
9942
5256
8398
8788
9783
6638
429
7827
4720
4253
4734
3599
732
3615
6448
9508
1456
5792
9278
3080
4526
6359
8060
6268
9808
6289
2663
2037
5495
4748
1180
7965
4091
7694
6123
8415
1412
4518
1443
3698
6301
7272
7428
2153
5216
3908
3447
8231
2386
1583
6541
8726
3800
1827
5177
4369
2807
2722
3145
2418
3229
2318
4838
8245
2379
595
2922
5802
8706
1283
703
9281
1336
9086
4213
4770
8196
3008
7965
6038
9021
7901
8021
1038
9110
3471
8831
8005
4970
7887
4830
8709
6653
8159
6838
5348
8494
4033
953
7436
3380
2520
5517
3906
9383
5726
187
8087
5638
8365
5939
4418
7718
3464
242
1753
9623
1326
5218
1217
3760
622
8728
7213
1017
6191
6605
9232
501
1364
8454
7002
7091
7618
6157
6931
977
8586
7445
1019
9622
6790
5745
25
2034
9150
9847
9816
5426
6975
1015
8062
2817
2560
9007
3528
5594
346
1632
7607
7819
6557
4407
7755
6106
3167
6232
3927
2155
7419
7616
9564
6578
7819
834
7539
6399
7644
1613
4143
8554
5190
3002
8963
2722
6260
6044
2867
7271
6277
3792
2653
5883
5106
2728
9428
477
2550
4320
1909
7165
682
4841
1755
1470
5817
2089
7827
7915
3796
3075
965
4607
811
5952
2543
9092
7833
2557
9973
5167
7975
3235
7406
5383
3469
8657
1341
633
8417
2853
1033
5617
6976
6067
2490
786
5336
9323
3935
3697
6325
5737
1549
1299
8489
1882
713
3033
7543
3477
8483
1232
1295
3467
3518
5447
9952
4084
6231
5238
9563
2799
2309
1181
1382
8563
9977
9822
7067
2354
5801
844
8729
3453
2544
4631
5070
7037
637
3818
775
5937
7674
6395
258
1531
555
5706
1739
9798
6283
6025
3282
5600
72
7621
891
2910
910
5869
5111
2837
5626
3680
8487
1063
1553
6348
1756
6697
228
8312
7939
737
6358
9885
1395
2015
3307
1499
5743
4040
5414
1482
159
6832
7042
9564
3087
4904
5075
698
4479
7065
1805
8557
8647
6640
9932
8190
3661
7351
1702
1320
5696
5051
9777
4283
5248
9455
7091
8124
3914
8649
2517
127
9363
1143
596
6445
9086
7476
1479
9180
1792
2556
8530
275
4474
259
2874
4919
5013
4996
8450
2086
1194
7812
3888
6008
9248
3018
7861
2399
4488
8452
7693
9131
6413
4246
7707
4789
1480
2821
6965
9354
8664
8396
1287
8429
7621
3818
3949
2322
3453
5671
5430
3239
4705
6132
1303
345
7927
2576
3095
6258
8447
9236
6779
472
424
8219
878
4331
4216
47
558
7120
4574
1767
2879
1082
5282
2627
2714
1680
9228
4570
4291
8258
7281
6930
6710
5301
1951
3715
119
9348
6053
6570
5872
7451
8999
9069
6443
5540
4922
5100
4007
8612
3349
8675
4709
7415
6517
7847
4178
5090
9706
8686
5418
6458
8333
7351
5017
786
5835
5572
565
9537
9045
2080
3288
4572
9983
5869
2935
6008
1180
1629
4298
2028
9873
3270
371
953
2529
2971
4939
9460
7349
1726
9137
9833
8646
4444
6833
9520
2113
8791
4050
4038
7498
3784
6080
8155
7437
0
6159
2369
8101
5519
1733
4196
2438
5902
7122
43
8576
6716
6531
8333
5627
242
7167
4179
5767
1881
5641
9347
6835
6754
9094
1540
7570
6052
9069
9058
1758
6093
712
7354
3003
1073
2061
1052
5389
6742
1970
3323
1209
723
7643
5065
5194
9917
4643
2372
6648
1475
7476
7337
9536
2156
3460
4860
2329
2063
9169
6719
597
4615
7374
8350
2655
9685
2362
9906
6266
4609
3757
7670
3975
4545
5274
2786
5122
2306
284
4248
5332
321
2627
3799
4095
8633
887
6692
8545
7212
2565
372
5443
3459
7849
5810
4265
7611
6436
4330
7706
6917
6288
2396
1784
6676
9276
7661
190
7221
3701
88
7342
7654
7546
5358
9290
2693
8526
6829
7342
9154
7224
9009
4598
3291
6139
5076
6114
9812
6518
120
6570
9042
6871
9616
6472
2543
9893
2876
8610
9972
4439
9471
8013
1300
2277
8638
1900
2624
1657
3454
2448
6141
3123
5352
843
3447
6304
2156
1149
9397
3903
5616
1202
6797
4543
2688
6593
8224
9095
2495
439
3001
8845
1996
1318
4134
8670
4461
6095
542
5697
168
6756
2320
125
5110
9710
6097
1433
6145
3110
104
6914
767
4297
936
9522
2598
5905
6035
8147
911
3882
6841
6538
3095
7279
3900
5712
6924
4456
2950
4325
17
191
9048
6018
1452
2301
6070
8830
8593
4746
9576
6738
9520
220
9130
1297
4406
4336
8123
7422
8323
5897
6752
2173
1496
8863
9701
8184
8466
6464
1525
1009
8862
4658
2818
7526
2737
9702
9220
7410
4170
7329
2884
6348
3664
4076
9458
5236
1100
7066
8765
6158
7857
3788
5657
9946
2999
7073
1648
7740
2839
7989
6834
2591
9877
5310
9507
1199
250
6017
1751
8363
4519
3517
3380
9577
286
783
8867
782
4028
5371
1907
2482
5237
7153
4358
7136
1426
8198
2685
778
9035
4197
5624
386
216
6284
4716
641
1516
5727
7563
8996
4167
9089
43
7959
9201
9085
8342
4827
8815
664
5916
772
8482
49
9290
1469
5975
9879
2419
8380
814
4171
7203
8826
5049
7371
750
9729
5194
404
8290
6949
7043
6639
8700
2525
7567
6487
4332
5694
5943
1698
4124
8896
871
1524
5114
2941
3424
1885
8554
2613
8916
503
2653
5967
1352
3514
8618
471
4420
2136
5472
5343
7464
9782
3124
9142
5207
4616
7035
4705
188
9726
1070
9723
2659
3861
6678
7908
6858
3657
5363
4471
6559
8129
4561
3723
7127
8122
6180
7945
2706
2587
7913
1021
3357
1066
4773
493
9247
5147
1867
5876
8347
7143
2289
9107
3152
3457
4401
8788
1877
5130
918
2820
3481
6028
5350
9429
3479
9248
5446
3563
8294
4542
5342
7390
6771
8794
2266
597
7810
4955
4450
829
9583
4114
5646
2173
4163
1237
9269
7359
8745
8065
1892
8159
3869
7516
8206
2420
3192
380
9814
2754
2354
2296
4752
7031
9402
7362
2445
3257
7850
8400
868
3197
9702
8562
9375
8255
6211
9592
722
7446
4940
2158
8516
9910
143
8304
431
6233
5967
5016
7417
6405
6464
4259
4689
6732
1461
959
6741
1356
2308
7882
7992
4489
7285
4083
3931
8366
5472
682
6030
653
6565
7472
9318
7916
8792
8315
7035
8068
4086
147
9469
6182
3892
4334
6153
5251
8409
7323
403
3295
4563
2421
2422
553
5450
7035
2195
8855
5187
7426
2985
23
1976
5791
5046
2275
2200
8615
8890
7204
8938
5283
4245
5759
913
1956
1955
4960
1648
3201
6687
2676
831
5489
7963
4458
8057
44
9588
9180
9221
8184
3466
5821
8873
209
9540
6335
1301
230
4195
658
1942
221
5985
5095
5840
5318
3665
6354
7835
4232
3541
7143
1500
9499
58
5134
2078
7158
8281
4279
4932
1786
3199
96
1458
1796
1338
3853
7944
4405
5907
8110
8741
3827
7506
1595
4185
8640
3149
8298
366
5221
4733
6749
7592
1924
7193
6098
238
8130
5294
721
3984
6753
2369
4165
9824
1671
3554
7905
4390
6110
1484
9437
7963
8532
7827
5146
4734
2162
4434
467
6682
4082
9558
6030
3611
3890
4239
1276
3288
9139
9167
496
5824
2402
5590
3152
660
7767
4486
3470
8517
9213
7835
3725
3093
221
3870
9507
7237
4603
8529
2811
2294
9106
6007
2901
8679
4355
6798
7671
9201
8542
2700
654
9464
4232
3104
5860
7080
6193
1697
256
6973
4961
4345
9572
9587
4201
2701
7647
3050
2646
2777
985
7555
7649
7075
8743
4321
6984
7443
476
2936
597
2345
5339
9040
6368
931
8899
4494
7434
6637
4059
1481
3638
7024
1085
6682
8791
7395
3785
4360
6887
2626
6898
4203
2734
7297
2404
1932
3750
2587
6568
8282
5031
4656
1674
8778
131
1246
7990
362
505
1802
4694
1386
6503
8035
6745
4025
4398
6503
5082
4995
5074
2048
5974
4068
4781
8181
1997
6069
1700
2971
6332
3030
4889
7591
8438
5220
9714
7917
9689
1996
9126
9642
1593
2210
5185
324
2617
4031
4754
7795
3798
1925
4760
8676
9396
8658
2113
4467
6206
1373
3770
5903
2653
27
9020
552
3833
5208
214
2988
8192
5461
5162
9860
7059
7720
7100
8084
6064
262
3804
7017
691
7049
1968
7489
5589
6565
4381
8152
184
2466
3208
565
7695
810
6292
2293
3423
9397
4757
2644
580
6308
5807
2343
7817
6872
2358
7983
9688
9330
8804
1086
7723
1240
1606
8686
4563
5499
860
4983
4718
4305
9012
4020
6389
828
4242
1014
3248
3235
3088
4803
7667
3105
4084
8959
2888
9682
3528
819
7046
953
4847
4226
9309
9565
8502
3335
2341
4137
6130
3200
3772
6306
5051
7121
6795
6902
1324
2750
2219
8478
220
1737
1398
5972
5103
1817
9896
4782
2615
613
1508
7282
9623
5585
9779
7478
6263
9475
1988
663
5171
8527
9506
9496
7792
5523
90
4162
4115
6721
4863
7137
9702
5606
5015
2095
6186
8079
5160
8977
7256
9254
7743
4370
516
1542
5150
8421
5407
3531
8299
5210
6735
256
7756
4407
8307
1424
337
527
4990
3797
2139
8227
7005
5815
6210
3058
9956
4078
3685
5003
1430
2614
6227
9438
434
144
8904
5407
7387
1103
7854
8578
8190
5714
1001
2747
9264
6424
155
2180
1264
752
1900
6431
4057
3874
6181
7142
3377
2749
1140
5363
2204
7379
6462
5971
5355
793
728
9389
8184
1694
309
5473
6362
1594
900
1309
2049
3762
1773
1874
6884
4744
1229
9316
8691
4790
943
6343
3953
4082
5006
6347
323
273
5678
9797
7522
7193
5097
5507
3526
2988
121
8093
3230
4878
5148
6388
7181
7188
7028
3744
6188
1567
8640
9255
1110
4168
918
1981
4527
8084
6972
6866
3468
602
4421
7515
5774
6572
2144
1692
5605
1447
7700
1802
6084
2679
2963
6177
8459
4439
9297
6733
7480
4105
9090
4763
5849
421
3312
1164
4471
5972
3852
3215
2720
6928
3765
142
7780
8662
8883
2926
7536
927
1559
6813
4134
85
4301
607
897
9381
2577
6
284
6633
3518
9968
6190
6171
411
2766
4536
9566
1139
7446
7339
9591
140
4223
8450
269
8340
6478
5
8761
2053
9665
6136
5300
5540
4667
2030
2046
4912
5560
8866
5910
8536
2874
6166
6844
8259
9052
8113
5877
4064
9193
5865
1853
3098
1094
6981
2961
1390
5479
8201
6014
7494
1594
5178
920
5180
6062
6964
3736
932
9627
3276
8628
1147
9139
5605
2518
3174
1441
6387
4757
8701
7234
2195
2647
9088
4154
7688
8304
601
3377
7321
1980
2153
9716
9622
83
7114
9238
4876
6174
1038
1087
1092
6594
4697
7104
8229
8512
4459
1130
8831
638
3795
827
8509
5838
3009
3680
7931
5650
7021
3052
8640
8327
4845
4226
2212
8557
7986
5545
3128
375
812
3036
301
3097
5149
474
3222
9340
1795
7151
1098
531
282
4636
2622
7863
6875
3804
4412
8155
8902
4951
1870
9541
524
9876
218
6061
4025
8709
5642
397
3940
5819
90
4151
2286
1451
1094
8156
3824
8086
6135
2155
415
5078
1904
8196
9103
1655
982
1422
4689
2917
9955
5951
2504
4502
1622
6219
2015
9337
1695
2173
7712
7624
5619
2919
884
9981
5654
7797
354
6992
8953
422
6868
1886
4790
9576
3885
8446
2767
8567
869
8833
9014
6713
9748
8404
7759
9615
4688
2340
2349
8140
3945
9441
4253
9622
3971
8094
7842
3126
8380
2217
1355
6851
821
4281
638
3841
796
111
2958
9300
5765
3009
4044
7061
171
7234
3649
3529
5876
2829
2042
6107
2570
7042
262
9624
9199
8537
2095
41
2115
8238
7913
1558
6254
2274
3953
824
8187
9813
7918
9736
4026
6979
993
5664
784
4782
3697
3550
51
1886
8223
8183
9026
1021
1757
6928
1654
129
5733
1885
9599
411
9302
7090
8213
3895
5329
2891
3307
9368
6448
4126
2268
9557
9995
7582
7379
9342
2693
6236
9339
7570
1127
5526
9448
4857
6492
3500
7053
9822
9502
2879
5199
1056
1440
3601
5840
8147
6964
8613
1788
181
131
8762
9656
3705
1376
7609
441
3710
461
6599
562
6915
9324
5059
1829
8643
2935
8201
2850
8065
5979
756
7474
1244
7091
3639
9487
6287
206
2984
5774
4531
5265
1120
9255
6713
9588
8004
956
2259
7227
6195
412
3115
3083
3970
7939
4851
6662
9176
9523
4793
2277
2685
1360
3148
966
7144
8869
6884
9340
9662
9673
4947
297
2619
3439
7548
9493
5060
7567
8830
7151
7540
6026
8419
6423
1112
7689
1505
5741
7557
8730
9096
7888
6313
6156
7005
2548
3397
3580
4091
1556
7568
6019
8448
3834
1124
4842
3894
738
481
569
8878
4517
2333
837
2316
4029
4777
2346
5128
6622
5784
3758
6543
3179
6193
8036
1224
6580
7353