10
11
11
13
14
18
32
34
36
38
40
60
65
75
77
80
88
89
104
108
112
112
115
133
137
143
159
162
169
170
171
171
176
179
179
180
187
190
190
191
192
194
197
200
223
237
237
240
244
251
256
259
259
259
263
263
264
269
285
293
296
303
327
330
331
334
338
344
347
355
358
360
379
394
395
405
409
415
421
428
433
452
454
458
464
464
473
479
487
487
489
490
493
494
499
499
507
523
526
528
532
533
534
539
547
550
551
552
555
558
563
566
566
566
569
572
572
575
579
581
591
591
607
608
615
619
621
625
634
635
635
636
641
642
655
656
661
663
679
684
685
685
689
700
717
721
721
722
727
728
737
747
757
767
775
782
782
785
786
803
804
808
817
828
845
845
857
862
865
870
871
888
889
900
900
903
904
904
915
919
922
942
943
946
947
952
962
973
976
983
985
989
992
997
999
1000
1000
1023
1031
1039
1041
1043
1048
1064
1064
1067
1077
1086
1095
1098
1099
1101
1113
1117
1118
1119
1124
1125
1125
1130
1133
1141
1143
1147
1163
1164
1167
1168
1183
1189
1191
1193
1193
1199
1202
1203
1207
1209
1211
1219
1226
1227
1228
1230
1230
1233
1240
1241
1242
1245
1245
1249
1264
1267
1271
1272
1277
1279
1280
1283
1284
1289
1294
1318
1319
1321
1327
1336
1339
1361
1377
1378
1396
1409
1427
1428
1429
1431
1436
1437
1439
1451
1452
1455
1465
1468
1471
1478
1482
1487
1499
1502
1513
1516
1524
1524
1530
1531
1537
1539
1540
1555
1558
1577
1582
1582
1583
1585
1586
1586
1600
1602
1610
1615
1618
1624
1631
1634
1639
1643
1657
1660
1664
1664
1666
1667
1667
1669
1670
1670
1675
1678
1688
1697
1715
1723
1737
1737
1751
1762
1768
1773
1777
1781
1789
1789
1790
1801
1805
1807
1810
1813
1816
1817
1818
1818
1822
1844
1849
1865
1867
1877
1879
1890
1893
1900
1909
1910
1912
1919
1921
1923
1923
1924
1926
1932
1968
1972
1974
1985
1985
1990
1991
1991
2001
2011
2029
2029
2030
2036
2038
2041
2043
2044
2046
2053
2057
2060
2063
2101
2115
2115
2115
2122
2124
2129
2131
2142
2148
2161
2165
2167
2175
2178
2179
2180
2182
2184
2188
2191
2197
2202
2205
2213
2220
2227
2227
2227
2228
2238
2238
2243
2246
2256
2263
2264
2276
2276
2280
2296
2299
2300
2301
2306
2307
2323
2328
2328
2329
2332
2333
2334
2354
2362
2378
2378
2380
2384
2386
2389
2407
2408
2416
2417
2428
2430
2430
2431
2435
2444
2457
2458
2462
2474
2484
2491
2493
2498
2498
2499
2502
2504
2510
2514
2519
2528
2529
2529
2536
2550
2554
2555
2555
2563
2569
2572
2572
2576
2577
2583
2584
2585
2591
2591
2594
2595
2596
2597
2597
2600
2605
2614
2631
2635
2643
2649
2649
2657
2659
2660
2661
2666
2666
2667
2668
2673
2675
2683
2684
2687
2693
2693
2694
2699
2703
2707
2709
2710
2716
2724
2727
2730
2731
2731
2732
2740
2747
2751
2756
2761
2762
2762
2765
2774
2776
2776
2776
2781
2789
2793
2802
2809
2815
2818
2828
2838
2839
2852
2856
2856
2861
2864
2878
2881
2889
2893
2896
2898
2914
2916
2918
2920
2931
2932
2936
2936
2942
2943
2945
2948
2951
2959
2966
2970
2970
2974
2978
2982
2999
3008
3010
3013
3024
3028
3034
3035
3046
3047
3052
3056
3079
3080
3083
3091
3092
3093
3095
3111
3125
3130
3131
3142
3143
3144
3146
3165
3172
3177
3189
3193
3195
3202
3206
3209
3212
3218
3220
3233
3243
3260
3266
3275
3291
3291
3295
3296
3304
3312
3318
3319
3349
3354
3356
3374
3378
3393
3393
3398
3404
3405
3410
3415
3421
3427
3428
3429
3435
3438
3446
3449
3449
3463
3467
3468
3470
3482
3486
3495
3503
3507
3532
3556
3558
3596
3612
3619
3620
3621
3622
3626
3627
3628
3630
3636
3638
3639
3644
3647
3651
3655
3657
3660
3668
3674
3679
3682
3684
3687
3689
3689
3692
3693
3694
3697
3702
3738
3741
3742
3742
3748
3748
3750
3754
3760
3760
3771
3773
3774
3781
3783
3785
3790
3790
3803
3805
3806
3810
3811
3816
3819
3819
3820
3820
3822
3827
3834
3837
3844
3851
3866
3882
3883
3890
3898
3898
3900
3915
3918
3921
3929
3931
3932
3934
3936
3939
3945
3947
3961
3962
3964
3964
3966
3972
3978
3981
3989
4002
4004
4036
4039
4054
4061
4065
4066
4067
4073
4111
4126
4128
4128
4133
4138
4141
4142
4149
4153
4157
4157
4164
4176
4177
4177
4187
4189
4196
4200
4203
4207
4219
4220
4239
4239
4249
4255
4260
4262
4280
4288
4297
4298
4311
4318
4324
4324
4327
4327
4331
4336
4350
4351
4351
4354
4356
4364
4370
4371
4373
4378
4381
4387
4389
4389
4390
4393
4395
4395
4406
4407
4408
4408
4411
4419
4422
4423
4431
4431
4432
4436
4441
4442
4447
4449
4458
4463
4466
4469
4480
4481
4494
4497
4498
4500
4509
4510
4512
4513
4519
4528
4531
4536
4546
4549
4556
4560
4560
4569
4571
4572
4578
4582
4583
4584
4587
4589
4596
4598
4600
4602
4605
4610
4611
4613
4616
4620
4621
4624
4625
4626
4633
4635
4636
4640
4644
4644
4646
4647
4649
4653
4658
4665
4671
4672
4678
4679
4680
4681
4685
4691
4714
4715
4715
4722
4730
4730
4733
4736
4737
4738
4738
4746
4749
4759
4761
4765
4767
4779
4779
4790
4794
4795
4795
4807
4817
4823
4823
4831
4853
4854
4857
4863
4869
4873
4877
4878
4881
4881
4892
4896
4918
4922
4928
4940
4945
4953
4954
4954
4957
4960
4967
4975
4979
4979
4981
4983
4999
5002
5005
5006
5013
5016
5021
5022
5023
5030
5031
5033
5037
5041
5042
5045
5054
5066
5069
5075
5076
5077
5083
5085
5086
5091
5098
5099
5108
5130
5131
5135
5142
5144
5146
5148
5151
5153
5157
5160
5163
5164
5170
5171
5185
5185
5187
5189
5190
5194
5194
5200
5200
5202
5202
5204
5207
5208
5220
5221
5230
5237
5238
5258
5259
5259
5261
5263
5264
5276
5283
5285
5288
5291
5312
5312
5325
5326
5330
5331
5336
5338
5346
5347
5351
5356
5369
5380
5381
5382
5386
5392
5396
5397
5412
5430
5430
5434
5438
5458
5474
5484
5486
5487
5488
5499
5500
5503
5512
5514
5515
5530
5535
5535
5541
5543
5547
5551
5555
5559
5568
5571
5575
5577
5581
5583
5583
5585
5588
5594
5597
5598
5604
5605
5622
5628
5628
5629
5636
5641
5649
5654
5656
5660
5669
5669
5676
5677
5678
5691
5696
5698
5699
5702
5705
5706
5714
5718
5733
5739
5747
5749
5776
5780
5784
5787
5793
5795
5799
5810
5813
5813
5815
5816
5825
5833
5836
5847
5848
5849
5852
5854
5870
5872
5872
5874
5879
5884
5884
5905
5923
5927
5929
5933
5934
5935
5944
5947
5951
5957
5957
5958
5963
5967
5973
5977
5983
6006
6018
6019
6020
6023
6024
6027
6028
6035
6037
6040
6043
6050
6058
6061
6073
6076
6077
6078
6089
6103
6103
6112
6115
6115
6125
6130
6131
6139
6144
6146
6150
6153
6160
6165
6172
6175
6178
6183
6184
6193
6194
6195
6200
6202
6204
6211
6212
6215
6216
6229
6230
6244
6249
6250
6250
6250
6252
6252
6260
6262
6263
6263
6269
6269
6270
6273
6280
6281
6295
6303
6325
6326
6329
6338
6343
6343
6352
6364
6372
6373
6383
6386
6392
6392
6396
6403
6404
6405
6417
6425
6432
6433
6434
6435
6436
6437
6441
6443
6450
6472
6474
6476
6485
6491
6493
6493
6496
6497
6501
6504
6518
6525
6530
6539
6540
6542
6546
6552
6571
6573
6574
6575
6575
6582
6582
6584
6588
6603
6612
6614
6617
6620
6633
6635
6637
6641
6650
6650
6651
6651
6659
6661
6673
6686
6712
6716
6719
6721
6721
6724
6727
6733
6735
6737
6740
6740
6742
6744
6744
6749
6749
6751
6753
6760
6760
6769
6771
6771
6773
6774
6782
6796
6798
6819
6822
6833
6836
6847
6850
6851
6857
6861
6862
6863
6865
6867
6875
6877
6883
6884
6886
6893
6897
1
6899
6901
6903
6920
6920
6922
6926
6938
6947
6948
6949
6950
6953
6953
6962
6974
6976
6984
6986
6991
6998
7007
7008
7011
7016
7019
7023
7028
7037
7047
7050
7054
7056
7061
7075
7076
7082
7084
7098
7103
7108
7114
7117
7128
7130
7131
7132
7160
7164
7169
7174
7175
7182
7189
7194
7194
7195
7196
7196
7203
7204
7207
7210
7213
7213
7216
7217
7219
7220
7229
7238
7239
7242
7245
7246
7253
7263
7267
7286
7287
7290
7300
7305
7309
7320
7325
7331
7332
7337
7338
7351
7357
7361
7372
7380
7380
7381
7387
7393
7400
7401
7404
7404
7417
7428
7428
7434
7448
7450
7455
7459
7460
7465
7470
7472
7475
7476
7480
7482
7482
7495
7495
7512
7513
7520
7522
7523
7527
7554
7555
7560
7565
7568
7578
7582
7582
7596
7602
7603
7617
7622
7623
7629
7634
7639
7643
7648
7649
7652
7653
7654
7655
7657
7659
7670
7671
7672
7690
7693
7693
7697
7701
7710
7710
7710
7714
7719
7728
7731
7736
7737
7746
7759
7759
7761
7763
7775
7788
7793
7799
7809
7813
7814
7820
7831
7846
7856
7857
7857
7873
7878
7883
7884
7884
7890
7890
7894
7898
7898
7898
7905
7905
7906
7907
7933
7934
7935
7940
7940
7942
7943
7944
7950
7959
7961
7977
7977
7978
7978
7978
7987
7992
7995
8002
8004
8005
8017
8039
8042
8046
8049
8050
8051
8062
8063
8075
8081
8081
8084
8088
8092
8115
8122
8125
8129
8134
8142
8153
8158
8161
8177
8183
8184
8188
8198
8203
8214
8231
8238
8245
8245
8256
8257
8259
8263
8273
8281
8285
8286
8291
8295
8303
8306
8306
8318
8321
8326
8326
8329
8336
8343
8343
8350
8352
8357
8358
8360
8373
8376
8382
8387
8394
8398
8399
8399
8404
8407
8408
8408
8409
8411
8413
8415
8416
8419
8428
8433
8434
8439
8440
8441
8451
8459
8472
8472
8479
8488
8488
8491
8498
8505
8506
8506
8517
8518
8519
8522
8527
8532
8539
8541
8543
8544
8550
8550
8558
8558
8561
8575
8575
8585
8588
8598
8608
8628
8633
8636
8640
8640
8644
8647
8651
8657
8658
8662
8666
8678
8681
8681
8685
8694
8699
8700
8710
8720
8730
8731
8736
8738
8740
8741
8751
8767
8775
8791
8798
8800
8815
8815
8819
8825
8828
8831
8833
8835
8846
8858
8864
8872
8877
8879
8884
8886
8891
8892
8901
8901
8902
8907
8910
8912
8924
8929
8932
8933
8935
8938
8939
8939
8942
8947
8948
8948
8956
8963
8985
8999
9005
9010
9011
9011
9017
9018
9022
9023
9033
9041
9055
9057
9058
9061
9061
9068
9068
9071
9075
9076
9085
9089
9089
9091
9096
9103
9109
9110
9111
9121
9125
9128
9134
9136
9136
9148
9154
9158
9162
9170
9175
9183
9183
9183
9184
9185
9194
9194
9196
9214
9219
9232
9237
9238
9247
9252
9257
9258
9262
9262
9274
9278
9284
9285
9290
9303
9306
9308
9312
9316
9318
9323
9333
9334
9348
9354
9355
9374
9378
9387
9388
9390
9398
9405
9406
9438
9438
9442
9444
9445
9452
9453
9453
9456
9460
9468
9469
9474
9477
9506
9509
9512
9524
9531
9536
9540
9542
9545
9551
9552
9553
9558
9580
9587
9587
9591
9593
9601
9602
9607
9624
9625
9629
9638
9642
9651
9660
9660
9683
9691
9691
9701
9702
9723
9723
9729
9732
9733
9735
9737
9737
9755
9756
9760
9760
9766
9769
9771
9775
9776
9778
9778
9789
9791
9792
9795
9807
9816
9821
9828
9840
9846
9849
9850
9852
9854
9859
9861
9867
9869
9870
9871
9879
9886
9898
9903
9907
9911
9916
9916
9917
9918
9924
9928
9934
9935
9937
9937
9939
9946
9949
9959
9964
9973
9977
9985
5
6
17
23
25
27
41
43
43
44
47
49
51
58
72
83
85
88
90
90
96
104
111
119
120
121
125
127
129
131
131
140
142
143
144
147
155
159
168
171
181
184
188
190
191
206
209
214
216
218
220
220
221
221
228
230
238
242
250
256
256
258
259
262
262
269
273
275
282
284
284
286
297
301
309
321
323
324
337
345
346
354
362
366
371
372
375
380
386
397
403
404
411
411
412
415
421
422
424
431
434
439
441
461
467
471
472
474
476
477
481
493
496
503
505
516
524
527
531
542
552
553
555
558
562
565
565
569
580
596
597
597
597
601
602
607
613
633
637
638
638
641
653
654
658
660
663
664
682
682
691
698
712
713
721
722
723
728
737
738
750
752
756
767
772
775
778
782
783
784
786
786
793
796
810
811
812
814
819
821
824
827
828
829
831
834
837
843
844
860
868
869
871
878
884
887
891
897
900
910
911
913
918
918
920
927
931
932
936
943
953
953
956
959
965
966
982
985
993
1001
1009
1014
1015
1021
1021
1033
1038
1052
1056
1063
1066
1070
1073
1082
1085
1086
1087
1092
1094
1094
1098
1100
1103
1110
1112
1120
1124
1127
1130
1139
1140
1143
1147
1149
1164
1180
1181
1194
1199
1202
1209
1224
1229
1232
1237
1240
1244
1246
1264
1276
1287
1295
1297
1299
1300
1301
1303
1309
1318
1320
1324
1338
1341
1352
1355
1356
1360
1373
1376
1382
1386
1390
1395
1398
1422
1424
1426
1430
1433
1440
1441
1447
1451
1452
1458
1461
1469
1470
1475
1479
1480
1481
1482
1484
1496
1499
1500
1505
1508
1516
1524
1525
1531
1540
1542
1549
1553
1556
1558
1559
1567
1593
1594
1594
1595
1606
1613
1622
1629
1632
1648
1648
1654
1655
1657
1671
1674
1680
1692
1694
1695
1697
1698
1700
1702
1726
1733
1737
1739
1751
1755
1756
1757
1758
1767
1773
1784
1786
1788
1792
1795
1796
1802
1802
1805
1817
1829
1853
1867
1870
1874
1877
1881
1882
1885
1885
1886
1886
1892
1900
1900
1904
1907
1909
1924
1925
1932
1942
1951
1955
1956
1968
1970
1976
1980
1981
1988
1996
1996
1997
2015
2015
2028
2030
2034
2042
2046
2048
2049
2053
2061
2063
2078
2080
2086
2089
2095
2095
2113
2113
2115
2136
2139
2144
2153
2155
2155
2156
2156
2158
2162
2173
2173
2173
2180
2195
2195
2200
2204
2210
2212
2217
2219
2259
2266
2268
2274
2275
2277
2277
2286
2289
2293
2294
2296
2301
2306
2308
2309
2316
2320
2322
2329
2333
2340
2341
2343
2345
2346
2349
2354
2354
2358
2362
2369
2369
2372
2396
2399
2402
2404
2419
2420
2421
2422
2438
2445
2448
2466
2482
2490
2495
2504
2517
2518
2525
2529
2543
2543
2544
2548
2550
2556
2557
2560
2565
2570
2576
2577
2587
2587
2591
2598
2613
2614
2615
2617
2619
2622
2624
2626
2627
2627
2644
2646
2647
2653
2653
2653
2655
2659
2676
2679
2685
2685
2688
2693
2693
2700
2701
2706
2714
2720
2722
2728
2734
2737
2747
2749
2750
2754
2766
2767
2777
2786
2799
2811
2817
2818
2820
2821
2829
2837
2839
2850
2853
2867
2874
2874
2876
2879
2879
2884
2888
2891
2901
2910
2917
2919
2926
2935
2935
2936
2941
2950
2958
2961
2963
2971
2971
2984
2985
2988
2988
2999
3001
3002
3003
3009
3009
3018
3030
3033
3036
3050
3052
3058
3075
3083
3087
3088
3093
3095
3095
3097
3098
3104
3105
3110
3115
3123
3124
3126
3128
3148
3149
3152
3152
3167
3174
3179
3192
3197
3199
3200
3201
3208
3215
3222
3230
3235
3235
3239
3248
3257
3270
3276
3282
3288
3288
3291
3295
3307
3307
3312
3323
3335
3349
3357
3377
3377
3380
3397
3423
3424
3439
3447
3453
3453
3454
3457
3459
3460
3466
3467
3468
3469
3470
3477
3479
3481
3500
3514
3517
3518
3518
3526
3528
3528
3529
3531
3541
3550
3554
3563
3580
3601
3611
3638
3639
3649
3657
3661
3664
3665
3680
3680
3685
3697
3697
3701
3705
3710
3715
3723
3725
3736
3744
3750
3757
3758
3762
3765
3770
3772
3784
3785
3788
3792
3795
3796
3797
3798
3799
3804
3804
3818
3818
3824
3827
3833
3834
3841
3852
3853
3861
3869
3870
3874
3882
3885
3888
3890
3892
3894
3895
3900
3903
3914
3927
3931
3935
3940
3945
3949
3953
3953
3970
3971
3975
3984
4007
4020
4025
4025
4026
4028
4029
4031
4038
4040
4044
4050
4057
4059
4064
4068
4076
4078
4082
4082
4083
4084
4084
4086
4091
4095
4105
4114
4115
4124
4126
4134
4134
4137
4143
4151
4154
4162
4163
4165
4167
4168
4170
4171
4178
4179
4185
4195
4196
4197
4201
4203
4216
4223
4226
4226
4232
4232
4239
4242
4245
4246
4248
4253
4259
4265
4279
4281
4283
4291
4297
4298
4301
4305
4320
4321
4325
4330
4331
4332
4334
4336
4345
4355
4358
4360
4370
4381
4390
4398
4401
4405
4406
4407
4407
4412
4420
4421
4434
4439
4439
4444
4450
4456
4458
4459
4461
4467
4471
4471
4474
4479
4486
4488
4489
4494
4502
4517
4519
4527
4531
4536
4542
4543
4545
4561
4563
4563
4570
4572
4574
4598
4603
4607
4609
4615
4616
4631
4636
4643
4656
4658
4667
4688
4689
4689
4694
4697
4705
4705
4709
4716
4718
4733
4734
4744
4746
4752
4754
4757
4757
4760
4763
4773
4777
4781
4782
4782
4789
4790
4790
4793
4803
4827
4841
4842
4845
4847
4851
4857
4860
4863
4876
4878
4889
4904
4912
4919
4922
4932
4939
4940
4947
4951
4955
4960
4961
4983
4990
4995
4996
5003
5006
5013
5015
5016
5017
5031
5046
5049
5051
5051
5059
5060
5065
5070
5074
5075
5076
5078
5082
5090
5095
5097
5100
5103
5106
5110
5111
5114
5122
5128
5130
5134
5146
5147
5148
5149
5150
5160
5162
5167
5171
5178
5180
5185
5187
5190
5194
5194
5199
5207
5208
5210
5220
5221
5236
5237
5238
5248
5251
5265
5274
5282
5283
5294
5300
5301
5310
5318
5329
5332
5336
5339
5342
5343
5350
5352
5355
5358
5363
5363
5371
5383
5389
5407
5407
5414
5418
5426
5430
5443
5446
5447
5450
5461
5472
5472
5473
5479
5489
5499
5507
5519
5523
5526
5540
5540
5545
5560
5572
5585
5589
5590
5594
5600
5605
5605
5606
5616
5617
5619
5624
5626
5627
5641
5642
5646
5650
5654
5657
5664
5671
5678
5694
5696
5697
5706
5712
5714
5727
5733
5737
5741
5743
5745
5759
5765
5767
5774
5774
5784
5791
5801
5807
5810
5815
5817
5819
5821
5824
5835
5838
5840
5840
5849
5860
5865
5869
5869
5872
5876
5876
5877
5883
5897
5902
5903
5905
5907
5910
5916
5937
5943
5951
5952
5967
5967
5971
5972
5972
5974
5975
5979
5985
6007
6008
6008
6014
6017
6018
6019
6025
6026
6028
6030
6030
6035
6044
6052
6053
6061
6062
6064
6067
6069
6070
6080
6084
6093
6095
6097
6098
6106
6107
6110
6114
6130
6132
6135
6136
6139
6141
6145
6153
6156
6158
6159
6166
6171
6174
6177
6180
6181
6182
6186
6188
6190
6193
6193
6195
6206
6210
6211
6219
6227
6231
6232
6233
6236
6254
6258
6260
6263
6266
6277
6283
6284
6287
6288
6292
6304
6306
6308
6313
6325
6332
6335
6343
6347
6348
6348
6354
6358
6362
6368
6387
6388
6389
6395
6399
6405
6413
6423
6424
6431
6436
6443
6445
6448
6458
6462
6464
6464
6472
6478
6487
6492
6503
6503
6517
6518
6531
6538
6543
6557
6559
6565
6565
6568
6570
6570
6572
6578
6580
6593
6594
6599
6622
6633
6637
6639
6640
6648
6662
6676
6678
6682
6682
6687
6692
6697
6710
6713
6713
6716
6719
6721
6732
6733
6735
6738
6741
6742
6745
6749
6752
6753
6754
6756
6771
6779
6790
6795
6797
6798
6813
6829
6832
6833
6834
6835
6841
6844
6851
6858
6866
6868
6871
6872
6875
6884
6884
6887
6898
6902
6914
6915
6917
6924
6928
6928
6930
6949
6964
6964
6965
6972
6973
6975
6976
6979
6981
6984
6992
7005
7005
7017
7021
7024
7028
7031
7035
7035
7035
7037
7042
7042
7043
7046
7049
7053
7059
7061
7065
7066
7067
7073
7075
7080
7090
7091
7091
7100
7104
7114
7120
7121
7122
7127
7136
7137
7142
7143
7143
7144
7151
7151
7153
7158
7165
7167
7181
7188
7193
7193
7203
7204
7212
7221
7224
7227
7234
7234
7237
7256
7271
7279
7281
7282
7285
7297
7321
7323
7329
7337
7339
7342
7342
7349
7351
7351
8436
7353
7354
7359
7362
7371
7374
7379
7379
7387
7390
7395
7406
7410
7415
7417
7419
7422
7426
7434
7437
7443
7446
7446
7451
7464
7472
7474
7476
7476
7478
7480
7489
7494
7498
7506
7515
7516
7522
7526
7536
7539
7540
7543
7546
7548
7555
7557
7563
7567
7567
7568
7570
7570
7582
7591
7592
7607
7609
7611
7616
7621
7621
7624
7643
7644
7647
7649
7654
7661
7667
7670
7671
7674
7688
7689
7693
7695
7700
7706
7707
7712
7720
7723
7740
7743
7755
7756
7759
7767
7780
7792
7795
7797
7810
7812
7817
7819
7819
7827
7827
7833
7835
7835
7842
7847
7849
7850
7854
7857
7861
7863
7882
7888
7905
7908
7913
7913
7915
7916
7917
7918
7927
7931
7939
7939
7944
7945
7959
7963
7963
7975
7983
7986
7989
7990
7992
8004
8013
8035
8036
8057
8062
8065
8065
8068
8079
8084
8084
8086
8093
8094
8101
8110
8113
8122
8123
8124
8129
8130
8140
8147
8147
8152
8155
8155
8156
8159
8181
8183
8184
8184
8184
8187
8190
8190
8192
8196
8198
8201
8201
8206
8213
8219
8223
8224
8227
8229
8238
8255
8258
8259
8281
8282
8290
8294
8298
8299
8304
8304
8307
8312
8315
8323
8327
8333
8333
8340
8342
8347
8350
8363
8366
8380
8380
8396
8400
8404
8409
8417
8419
8421
8429
8438
8446
8447
8448
8450
8450
8452
8459
8466
8478
8482
8483
8487
8489
8502
8509
8512
8516
8517
8526
8527
8529
8530
8532
8536
8537
8542
8545
8554
8554
8557
8557
8562
8563
8567
8576
8578
8593
8610
8612
8613
8615
8618
8628
8633
8638
8640
8640
8640
8643
8646
8647
8649
8657
8658
8662
8664
8670
8675
8676
8679
8686
8686
8691
8700
8701
8709
8729
8730
8741
8743
8745
8761
8762
8765
8778
8788
8791
8791
8792
8794
8804
8815
8826
8830
8830
8831
8833
8845
8855
8862
8863
8866
8867
8869
8873
8878
8883
8890
8896
8899
8902
8904
8916
8938
8953
8959
8963
8977
8996
8999
9007
9009
9012
9014
9020
9026
9035
9040
9042
9045
9048
9052
9058
9069
9069
9085
9086
9088
9089
9090
9092
9094
9095
9096
9103
9106
9107
9126
9130
9131
9137
9139
9139
9142
9150
9154
9167
9169
9176
9180
9180
9193
9199
9201
9201
9213
9220
9221
9228
9236
9238
9247
9248
9248
9254
9255
9255
9264
9269
9276
9290
9290
9297
9300
9302
9309
9316
9318
9323
9324
9330
9337
9339
9340
9340
9342
9347
9348
9354
9363
9368
9375
9381
9389
9396
9397
9397
9402
9428
9429
9437
9438
9441
9448
9455
9458
9460
9464
9469
9471
9475
9487
9493
9496
9499
9502
9506
9507
9507
9520
9520
9522
9523
9536
9537
9540
9541
9557
9558
9563
9564
9564
9565
9566
9572
9576
9576
9577
9583
9587
9588
9588
9591
9592
9599
9615
9616
9622
9622
9622
9623
9624
9627
9642
9656
9662
9665
9673
9682
9685
9688
9689
9701
9702
9702
9702
9706
9710
9714
9716
9723
9726
9729
9736
9748
9777
9779
9782
9797
9798
9812
9813
9814
9816
9822
9822
9824
9833
9847
9860
9873
9876
9877
9879
9885
9893
9896
9906
9910
9917
9932
9946
9952
9955
9956
9968
9972
9973
9977
9981
9983
9985
9985
9990
9994
2
3
3
7
7
17
20
20
29
42
46
46
52
59
65
66
67
69
76
84
94
99
101
105
106
113
146
150
156
164
185
197
198
201
203
209
216
222
225
230
232
234
236
239
242
247
250
268
272
277
291
291
293
294
297
303
314
329
331
333
346
349
349
349
355
361
362
362
373
376
377
380
390
393
397
397
403
405
408
415
426
432
432
438
443
445
445
449
454
465
468
477
487
488
499
512
517
520
522
535
543
549
555
564
568
572
573
578
588
595
596
596
596
601
609
611
613
619
622
623
629
631
640
648
655
661
665
668
668
669
691
698
699
700
703
708
723
738
742
761
761
763
766
768
774
778
780
780
786
794
800
805
809
811
815
815
821
824
829
829
837
840
849
857
868
870
871
877
879
889
902
905
923
926
926
930
931
940
943
947
952
960
972
988
989
990
998
1000
1006
1009
1013
1018
1020
1023
1035
1038
1038
1041
1044
1050
1052
1062
1067
1072
1076
1077
1077
1085
1088
1091
1096
1101
1111
1111
1119
1123
1129
1130
1135
1139
1158
1171
1175
1180
1192
1193
1193
1195
1212
1216
1219
1225
1232
1233
1233
1243
1243
1255
1256
1261
1269
1277
1281
1283
1291
1294
1300
1309
1312
1315
1319
1338
1342
1348
1348
1353
1353
1356
1357
1365
1376
1378
1379
1393
1394
1408
1417
1419
1422
1433
1436
1436
1463
1463
1464
1470
1477
1490
1496
1511
1522
1531
1546
1547
1560
1569
1575
1575
1605
1612
1614
1619
1624
1631
1634
1637
1638
1643
1650
1650
1654
1668
1670
1675
1675
1678
1685
1685
1687
1689
1694
1695
1702
1706
1717
1728
1735
1746
1748
1756
1760
1765
1772
1773
1774
1782
1782
1788
1795
1798
1803
1804
1824
1829
1832
1834
1836
1837
1840
1843
1845
1846
1849
1850
1862
1896
1897
1899
1900
1902
1904
1909
1913
1918
1918
1928
1928
1933
1938
1938
1944
1956
1971
1971
1972
1974
1986
1987
1991
1994
1995
1998
2001
2002
2004
2016
2016
2020
2029
2030
2037
2046
2046
2047
2051
2055
2058
2061
2064
2066
2067
2068
2074
2074
2080
2085
2086
2102
2104
2105
2105
2123
2135
2142
2149
2157
2158
2163
2168
2169
2169
2173
2187
2187
2190
2191
2193
2198
2199
2219
2222
2222
2226
2230
2232
2244
2245
2246
2248
2253
2262
2262
2263
2267
2272
2275
2279
2279
2284
2287
2296
2302
2304
2306
2310
2315
2317
2330
2335
2336
2336
2346
2347
2353
2360
2367
2368
2372
2376
2387
2391
2395
2397
2400
2405
2407
2412
2412
2417
2427
2440
2443
2446
2446
2450
2458
2468
2472
2479
2486
2500
2510
2515
2521
2528
2531
2536
2536
2541
2548
2558
2559
2570
2573
2578
2586
2591
2596
2604
2614
2622
2622
2628
2634
2635
2647
2659
2660
2663
2669
2670
2670
2673
2679
2695
2701
2710
2723
2730
2742
2742
2744
2754
2754
2771
2781
2786
2788
2789
2793
2793
2803
2803
2804
2808
2810
2828
2829
2830
2840
2841
2850
2860
2867
2870
2878
2888
2891
2897
2901
2903
2904
2911
2913
2917
2919
2920
2924
2930
2935
2937
2942
2946
2946
2963
2965
2974
2982
2984
2987
2987
2988
2991
2991
2995
2999
3005
3007
3012
3013
3019
3025
3027
3028
3041
3044
3046
3046
3070
3072
3076
3079
3082
3085
3092
3095
3098
3113
3118
3123
3132
3144
3150
3156
3158
3169
3175
3183
3184
3186
3186
3186
3187
3188
3189
3212
3218
3219
3227
3230
3233
3233
3236
3239
3243
3244
3256
3257
3264
3271
3275
3281
3282
3290
3296
3303
3304
3307
3318
3318
3320
3328
3335
3336
3337
3346
3349
3349
3354
3356
3363
3373
3375
3376
3379
3381
3384
3386
3395
3397
3399
3402
3416
3427
3429
3434
3460
3463
3463
3463
3466
3467
3470
3481
3482
3483
3483
3485
3489
3496
3496
3497
3504
3517
3523
3530
3532
3538
3539
3565
3576
3584
3584
3591
3593
3598
3599
3602
3609
3624
3634
3637
3646
3646
3649
3667
3685
3685
3695
3696
3697
3699
3699
3700
3703
3712
3718
3721
3722
3723
3726
3728
3730
3731
3731
3737
3743
3747
3748
3755
3772
3776
3787
3791
3794
3796
3803
3804
3805
3808
3811
3815
3819
3830
3831
3831
3832
3836
3841
3857
3857
3865
3867
3870
3874
3883
3887
3890
3895
3901
3905
3907
3910
3912
3931
3936
3936
3937
3939
3951
3955
3956
3961
3961
3966
3967
3969
3985
3986
3987
4008
4015
4017
4018
4020
4026
4027
4044
4048
4050
4053
4055
4060
4066
4066
4080
4081
4086
4094
4100
4105
4113
4114
4114
4130
4141
4144
4146
4149
4154
4156
4160
4168
4170
4174
4180
4181
4184
4187
4194
4200
4200
4203
4206
4207
4207
4210
4211
4223
4224
4224
4234
4239
4243
4247
4249
4250
4255
4256
4258
4261
4267
4274
4276
4278
4279
4280
4283
4287
4300
4311
4316
4316
4322
4328
4341
4343
4350
4365
4368
4377
4380
4382
4384
4385
4387
4396
4398
4398
4402
4424
4425
4429
4430
4435
4439
4439
4441
4457
4458
4462
4468
4470
4477
4478
4479
4481
4482
4489
4496
4497
4511
4515
4519
4532
4534
4535
4537
4555
4562
4582
4583
4592
4601
4604
4643
4644
4648
4651
4652
4659
4661
4674
4688
4693
4694
4695
4703
4703
4704
4711
4716
4719
3
4720
4723
4734
4737
4740
4744
4746
4747
4756
4757
4776
4776
4781
4783
4789
4796
4797
4798
4806
4812
4824
4824
4825
4828
4835
4851
4857
4859
4859
4860
4867
4873
4877
4881
4887
4894
4895
4895
4896
4900
4903
4903
4905
4910
4920
4921
4922
4926
4926
4926
4928
4928
4929
4931
4941
4944
4948
4949
4958
4966
4968
4969
4970
4978
4981
4991
4994
5002
5006
5009
5009
5022
5025
5039
5045
5046
5047
5049
5052
5053
5059
5062
5072
5075
5088
5096
5096
5101
5103
5104
5104
5110
5111
5111
5114
5123
5132
5132
5137
5138
5139
5140
5143
5148
5159
5171
5173
5174
5182
5187
5189
5193
5200
5216
5231
5231
5233
5235
5243
5245
5246
5257
5265
5272
5279
5290
5290
5294
5298
5304
5309
5311
5314
5316
5317
5324
5324
5326
5333
5334
5340
5354
5357
5365
5370
5371
5379
5381
5381
5382
5386
5412
5415
5416
5418
5419
5420
5422
5423
5427
5428
5430
5434
5441
5443
5443
5444
5445
5463
5468
5468
5486
5492
5494
5495
5498
5499
5501
5503
5508
5520
5522
5532
5536
5537
5553
5556
5563
5573
5579
5579
5585
5589
5590
5593
5597
5613
5613
5617
5618
5623
5624
5624
5624
5632
5633
5643
5644
5651
5660
5671
5677
5677
5678
5678
5680
5681
5686
5690
5690
5696
5706
5709
5716
5721
5735
5738
5744
5745
5753
5758
5764
5765
5766
5770
5770
5772
5775
5778
5781
5785
5789
5801
5802
5810
5816
5818
5827
5828
5836
5836
5841
5847
5855
5868
5872
5873
5873
5884
5889
5909
5916
5917
5933
5934
5938
5943
5945
5954
5954
5960
5963
5966
5969
5995
5996
5998
6002
6006
6006
6009
6015
6020
6022
6023
6029
6029
6032
6037
6042
6060
6060
6062
6063
6069
6077
6082
6084
6085
6085
6092
6093
6096
6099
6100
6103
6104
6104
6108
6109
6112
6127
6131
6141
6144
6148
6150
6162
6164
6185
6188
6200
6202
6203
6207
6216
6231
6232
6234
6240
6245
6258
6260
6273
6287
6304
6311
6313
6313
6317
6319
6322
6324
6326
6326
6332
6343
6343
6356
6361
6375
6382
6388
6392
6393
6395
6400
6404
6406
6409
6409
6411
6420
6434
6438
6442
6449
6451
6452
6457
6462
6465
6480
6482
6484
6485
6486
6498
6506
6517
6521
6525
6526
6529
6533
6536
6539
6541
6574
6580
6587
6598
6601
6647
6654
6654
6659
6660
6667
6672
6679
6680
6694
6704
6707
6708
6708
6710
6712
6712
6721
6725
6726
6732
6735
6737
6739
6740
6750
6751
6758
6770
6771
6772
6775
6777
6788
6794
6795
6796
6797
6798
6805
6808
6813
6819
6823
6830
6832
6838
6845
6851
6856
6856
6867
6876
6877
6882
6883
6885
6892
6893
6914
6924
6928
6938
6939
6945
6946
6955
6965
6971
6980
6989
6998
7004
7016
7017
7025
7026
7026
7034
7036
7051
7053
7059
7059
7060
7065
7065
7066
7067
7072
7076
7091
7102
7103
7108
7120
7122
7137
7147
7149
7161
7162
7170
7171
7175
7179
7182
7186
7197
7205
7212
7224
7236
7237
7241
7248
7259
7270
7275
7280
7286
7288
7292
7293
7297
7297
7299
7303
7314
7317
7320
7321
7329
7331
7347
7362
7364
7375
7376
7378
7387
7387
7397
7398
7398
7399
7403
7403
7404
7404
7405
7410
7417
7429
7430
7430
7431
7431
7432
7432
7448
7454
7455
7459
7472
7480
7481
7484
7490
7494
7495
7502
7503
7518
7524
7528
7530
7537
7541
7541
7542
7543
7545
7546
7550
7563
7564
7571
7571
7572
7579
7586
7593
7593
7598
7606
7607
7611
7618
7635
7641
7642
7644
7645
7664
7671
7674
7675
7686
7686
7689
7695
7699
7700
7702
7702
7704
7708
7709
7716
7719
7721
7722
7733
7734
7738
7738
7748
7752
7753
7753
7759
7763
7763
7774
7774
7783
7786
7795
7805
7806
7807
7809
7814
7824
7832
7850
7851
7851
7858
7860
7864
7878
7884
7885
7887
7894
7901
7906
7906
7910
7919
7930
7930
7946
7947
7959
7964
7964
7970
7983
7987
7989
7989
7992
7995
8002
8010
8022
8025
8036
8039
8042
8049
8054
8055
8067
8075
8079
8084
8089
8089
8100
8105
8106
8106
8118
8125
8128
8132
8141
8152
8153
8155
8173
8174
8185
8199
8210
8215
8223
8224
8227
8233
8235
8239
8242
8242
8244
8245
8262
8264
8266
8274
8276
8277
8282
8282
8283
8296
8310
8315
8318
8319
8325
8328
8347
8357
8359
8363
8365
8365
8368
8368
8371
8373
8374
8379
8381
8382
8385
8390
8408
8411
8413
8414
8444
8450
8453
8462
8475
8489
8496
8499
8502
8511
8514
8515
8516
8523
8529
8544
8552
8554
8557
8563
8565
8566
8567
8569
8572
8573
8582
8590
8592
8593
8593
8594
8596
8602
8606
8609
8615
8622
8622
8637
8643
8645
8647
8648
8653
8654
8656
8656
8664
8670
8676
8676
8677
8679
8689
8693
8697
8701
8714
8718
8718
8734
8735
8739
8749
8769
8770
8771
8785
8785
8822
8828
8831
8835
8839
8843
8844
8858
8865
8866
8866
8867
8868
8870
8871
8871
8877
8882
8893
8906
8913
8926
8931
8933
8935
8945
8948
8954
8959
8963
8973
8973
8991
9011
9019
9024
9024
9029
9030
9036
9039
9041
9045
9047
9049
9051
9052
9057
9082
9083
9089
9092
9097
9101
9105
9108
9114
9122
9142
9143
9146
9153
9160
9161
9163
9163
9165
9168
9171
9175
9175
9177
9185
9189
9190
9194
9195
9195
9198
9206
9212
9214
9219
9221
9231
9232
9232
9233
9236
9241
9242
9246
9247
9251
9276
9279
9285
9287
9294
9309
9312
9313
9315
9316
9319
9349
9364
9373
9377
9379
9390
9390
9392
9399
9399
9400
9401
9407
9407
9407
9408
9410
9414
9414
9431
9440
9441
9461
9462
9468
9469
9477
9479
9487
9492
9500
9500
9505
9518
9519
9528
9529
9529
9531
9544
9550
9551
9551
9552
9554
9556
9559
9571
9576
9578
9588
9589
9590
9591
9592
9598
9604
9605
9612
9624
9637
9639
9641
9643
9645
9645
9650
9654
9660
9666
9673
9676
9679
9686
9691
9692
9694
9698
9703
9708
9711
9713
9713
9719
9722
9725
9727
9733
9736
9750
9752
9755
9756
9760
9761
9762
9767
9768
9771
9773
9774
9793
9794
9794
9800
9801
9803
9805
9805
9807
9811
9812
9815
9820
9823
9836
9837
9837
9840
9850
9854
9854
9857
9865
9865
9887
9893
9894
9896
9896
9897
9909
9912
9920
9921
9930
9930
9932
9936
9941
9957
9960
9960
9964
9968
9969
9974
9976
9990
9992
9998
9999
5
8
27
30
30
36
38
46
48
52
62
67
71
76
87
99
99
107
109
117
136
145
157
163
172
174
184
193
193
198
201
205
210
215
216
218
219
230
233
233
234
234
237
240
241
242
246
246
246
251
255
266
270
271
274
279
280
284
286
287
296
301
303
305
313
314
322
331
339
346
347
354
356
364
371
377
398
399
409
409
416
423
423
428
428
430
430
444
453
467
477
477
485
491
493
502
503
504
504
510
514
522
523
524
526
528
529
536
547
554
566
566
574
582
592
601
603
604
608
609
610
613
614
617
617
624
627
632
639
647
651
654
654
655
658
659
662
664
680
681
683
684
688
690
697
697
697
702
709
723
733
736
748
751
753
753
762
762
768
783
786
808
813
815
817
818
826
827
839
842
845
851
862
862
865
866
878
888
895
904
906
909
910
915
922
925
929
946
948
950
965
972
974
974
976
985
988
1000
1001
1009
1011
1013
1016
1017
1018
1029
1037
1043
1048
1056
1062
1064
1066
1069
1069
1074
1082
1083
1087
1099
1102
1105
1107
1112
1117
1119
1128
1135
1135
1145
1154
1157
1164
1183
1185
1195
1212
1214
1218
1224
1228
1237
1237
1243
1244
1247
1256
1257
1260
1264
1275
1275
1276
1279
1290
1301
1304
1309
1313
1315
1319
1327
1328
1329
1329
1351
1358
1360
1367
1370
1371
1372
1377
1385
1393
1394
1400
1403
1406
1412
1413
1438
1449
1451
1453
1457
1460
1462
1463
1472
1473
1488
1496
1498
1503
1506
1511
1517
1520
1525
1526
1527
1527
1533
1537
1537
1542
1548
1553
1553
1556
1556
1572
1578
1580
1590
1596
1601
1601
1602
1609
1616
1623
1628
1635
1637
1639
1640
1649
1653
1656
1657
1658
1658
1660
1668
1671
1678
1678
1694
1697
1698
1708
1711
1712
1713
1716
1720
1721
1723
1723
1724
1726
1727
1727
1743
1747
1749
1755
1757
1759
1762
1764
1770
1779
1787
1787
1788
1793
1795
1796
1808
1823
1836
1844
1849
1855
1857
1859
1870
1878
1890
1890
1896
1898
1899
1899
1901
1902
1904
1904
1916
1916
1918
1919
1933
1933
1938
1943
1944
1947
1949
1957
1957
1958
1964
1965
1966
1970
1970
1971
1974
1980
1981
1983
1983
1989
1990
1991
1993
1999
2004
2008
2022
2024
2026
2030
2033
2036
2041
2046
2050
2071
2071
2077
2081
2084
2086
2089
2093
2098
2110
2111
2113
2116
2116
2117
2117
2120
2122
2131
2135
2135
2138
2142
2143
2150
2155
2159
2164
2169
2184
2189
2189
2195
2200
2208
2222
2227
2239
2240
2248
2249
2253
2264
2265
2267
2268
2269
2273
2273
2276
2284
2292
2295
2300
2302
2321
2326
2327
2333
2333
2338
2340
2341
2344
2349
2353
2358
2362
2363
2373
2379
2380
2382
2395
2401
2403
2407
2420
2422
2423
2428
2437
2448
2456
2458
2460
2470
2474
2476
2477
2493
2494
2498
2499
2504
2506
2507
2517
2517
2521
2523
2527
2527
2532
2532
2538
2552
2555
2563
2577
2580
2591
2595
2595
2605
2606
2614
2628
2630
2632
2634
2639
2646
2650
2656
2663
2666
2669
2676
2677
2677
2679
2680
2682
2684
2685
2688
2693
2694
2695
2696
2709
2712
2713
2714
2721
2725
2728
2730
2730
2731
2731
2737
2746
2751
2757
2763
2766
2771
2771
2775
2775
2781
2787
2787
2788
2791
2796
2808
2808
2815
2822
2825
2835
2838
2844
2855
2858
2862
2864
2874
2875
2879
2884
2885
2885
2893
2898
2900
2901
2908
2909
2910
2913
2914
2918
2923
2929
2943
2945
2945
2954
2954
2959
2960
2968
2970
2978
2980
2981
2986
2986
2992
2993
2997
2998
3000
3000
3002
3011
3014
3019
3019
3019
3022
3028
3028
3041
3046
3056
3059
3069
3070
3081
3082
3083
3090
3091
3092
3094
3097
3099
3107
3115
3118
3120
3121
3130
3139
3160
3173
3188
3189
3204
3208
3209
3222
3226
3227
3231
3247
3253
3255
3256
3258
3264
3266
3269
3280
3289
3291
3304
3306
3322
3322
3326
3327
3335
3336
3345
3348
3357
3358
3358
3361
3366
3378
3379
3379
3389
3395
3395
3395
3403
3409
3423
3426
3432
3444
3447
3450
3450
3462
3473
3474
3474
3481
3481
3483
3490
3493
3494
3494
3501
3504
3508
3512
3520
3521
3524
3527
3537
3540
3542
3547
3552
3554
3554
3558
3565
3572
3593
3593
3598
3617
3621
3621
3635
3638
3638
3641
3641
3645
3654
3660
3663
3665
3668
3673
3676
3682
3683
3686
3689
3696
3701
3705
3705
3709
3712
3713
3716
3717
3719
3723
3726
3730
3735
3743
3754
3756
3760
3763
3769
3773
3780
3785
3785
3791
3792
3795
3800
3816
3832
3839
3843
3844
3852
3854
3862
3863
3864
3864
3868
3871
3871
3873
3875
3875
3883
3887
3891
3896
4
3898
3902
3920
3938
3939
3941
3942
3943
3960
3960
3965
3973
3975
3981
3982
3985
3988
3988
3994
4003
4013
4022
4023
4030
4041
4045
4045
4050
4057
4066
4071
4086
4092
4097
4105
4106
4108
4115
4125
4126
4129
4131
4132
4133
4135
4135
4137
4138
4148
4153
4154
4155
4160
4161
4161
4162
4168
4171
4173
4175
4179
4181
4187
4190
4192
4200
4232
4236
4244
4256
4260
4263
4263
4265
4268
4275
4284
4284
4290
4298
4302
4305
4320
4321
4331
4338
4339
4352
4361
4362
4364
4365
4383
4384
4390
4390
4392
4395
4396
4397
4407
4410
4418
4425
4426
4431
4439
4440
4450
4455
4456
4456
4459
4470
4471
4473
4477
4480
4486
4498
4511
4512
4520
4522
4525
4546
4547
4555
4558
4558
4563
4572
4579
4585
4600
4613
4617
4618
4631
4643
4644
4647
4650
4652
4658
4661
4682
4682
4685
4690
4695
4697
4699
4704
4708
4720
4724
4727
4744
4754
4756
4756
4758
4770
4775
4775
4776
4784
4787
4789
4790
4790
4792
4792
4793
4794
4801
4803
4805
4809
4811
4815
4815
4815
4816
4817
4818
4825
4825
4830
4835
4835
4848
4850
4850
4854
4855
4864
4868
4869
4873
4895
4900
4904
4909
4911
4922
4922
4938
4943
4948
4958
4967
4968
4974
4978
4979
4981
4986
4990
4996
5007
5008
5010
5011
5019
5023
5024
5025
5032
5038
5044
5046
5049
5051
5062
5077
5087
5092
5095
5100
5106
5109
5113
5118
5119
5143
5151
5155
5156
5160
5171
5180
5185
5191
5192
5214
5225
5227
5229
5237
5242
5245
5255
5263
5273
5283
5290
5292
5299
5305
5311
5316
5321
5322
5331
5333
5333
5338
5348
5351
5352
5354
5355
5362
5367
5370
5373
5383
5385
5388
5389
5390
5395
5402
5407
5414
5418
5421
5429
5430
5430
5431
5437
5440
5444
5445
5458
5461
5462
5475
5476
5478
5488
5503
5511
5512
5514
5517
5518
5525
5526
5528
5529
5530
5565
5568
5570
5573
5582
5586
5594
5594
5595
5600
5601
5605
5605
5609
5609
5610
5618
5620
5628
5632
5635
5644
5663
5663
5670
5675
5676
5681
5697
5702
5706
5707
5708
5710
5716
5718
5723
5726
5729
5736
5742
5742
5743
5744
5745
5749
5753
5757
5757
5768
5768
5769
5770
5771
5771
5783
5799
5800
5803
5804
5806
5807
5808
5814
5816
5818
5819
5822
5842
5844
5844
5852
5854
5863
5873
5873
5878
5883
5885
5892
5893
5912
5921
5925
5926
5928
5929
5935
5935
5936
5937
5955
5956
5958
5963
5966
5967
5974
5985
5986
5989
5991
5996
5997
6002
6004
6004
6018
6021
6034
6057
6058
6064
6070
6070
6071
6074
6076
6079
6085
6088
6089
6090
6091
6092
6095
6098
6100
6108
6136
6139
6161
6163
6163
6172
6175
6183
6189
6191
6196
6200
6202
6209
6212
6212
6218
6219
6228
6235
6240
6244
6245
6250
6251
6255
6255
6258
6263
6271
6271
6277
6278
6282
6290
6296
6298
6300
6300
6315
6317
6325
6332
6332
6335
6337
6337
6343
6345
6348
6354
6358
6368
6369
6376
6377
6383
6386
6387
6387
6392
6402
6404
6415
6418
6430
6431
6432
6442
6455
6456
6462
6466
6475
6478
6485
6491
6493
6503
6508
6510
6512
6526
6526
6558
6560
6560
6576
6576
6581
6581
6585
6601
6601
6608
6608
6619
6620
6621
6627
6635
6645
6649
6651
6674
6676
6680
6683
6685
6689
6690
6692
6702
6704
6706
6714
6718
6727
6731
6735
6744
6745
6746
6756
6762
6765
6767
6776
6812
6835
6837
6843
6844
6845
6850
6856
6861
6867
6873
6874
6879
6882
6890
6897
6899
6901
6902
6905
6913
6918
6932
6945
6969
6971
6979
6996
6997
7001
7005
7008
7010
7024
7027
7029
7040
7043
7048
7050
7067
7078
7081
7091
7099
7103
7114
7124
7136
7137
7137
7141
7144
7144
7154
7159
7165
7169
7170
7175
7197
7203
7203
7206
7212
7213
7216
7219
7227
7234
7240
7243
7247
7254
7256
7258
7263
7268
7269
7283
7294
7296
7301
7302
7307
7323
7323
7326
7345
7360
7366
7370
7388
7404
7424
7435
7439
7461
7469
7473
7477
7484
7489
7493
7510
7514
7515
7516
7519
7535
7535
7553
7558
7574
7576
7578
7586
7610
7620
7624
7633
7633
7644
7651
7651
7656
7662
7669
7680
7693
7706
7707
7709
7720
7732
7733
7735
7735
7736
7742
7747
7753
7758
7773
7776
7779
7780
7783
7803
7804
7807
7811
7811
7813
7816
7829
7837
7847
7847
7850
7862
7863
7873
7877
7885
7887
7888
7930
7933
7944
7950
7952
7958
7967
7968
7969
7975
7976
7976
7980
7982
7998
8002
8008
8010
8013
8014
8017
8021
8021
8023
8028
8029
8031
8047
8064
8070
8072
8074
8076
8076
8078
8080
8096
8096
8105
8109
8114
8114
8120
8123
8123
8123
8126
8127
8128
8132
8137
8147
8158
8161
8167
8168
8174
8190
8192
8194
8195
8202
8204
8205
8206
8220
8223
8225
8227
8241
8251
8252
8256
8262
8266
8271
8275
8277
8285
8286
8292
8296
8310
8311
8312
8314
8314
8324
8325
8330
8332
8334
8341
8351
8353
8356
8361
8362
8364
8380
8390
8392
8404
8404
8408
8411
8412
8418
8421
8422
8430
8431
8432
8440
8446
8464
8465
8468
8476
8479
8487
8488
8498
8501
8502
8506
8507
8510
8511
8513
8533
8534
8535
8536
8537
8540
8544
8544
8550
8555
8560
8563
8564
8568
8574
8575
8585
8586
8586
8588
8600
8610
8611
8614
8616
8616
8620
8630
8634
8636
8636
8640
8645
8653
8655
8660
8664
8664
8691
8696
8698
8711
8711
8713
8715
8720
8725
8726
8728
8734
8734
8739
8743
8746
8751
8752
8754
8758
8761
8772
8774
8783
8789
8812
8823
8824
8825
8840
8845
8846
8847
8847
8850
8859
8863
8864
8865
8867
8884
8889
8892
8892
8901
8902
8906
8936
8938
8938
8948
8957
8958
8960
8966
8982
8987
8993
8996
9003
9005
9006
9015
9026
9052
9060
9066
9068
9072
9078
9082
9086
9089
9090
9091
9102
9107
9108
9115
9121
9122
9123
9124
9136
9143
9147
9149
9151
9153
9155
9157
9159
9159
9162
9163
9168
9170
9172
9178
9179
9180
9189
9192
9194
9203
9211
9219
9235
9242
9243
9248
9257
9258
9261
9263
9274
9287
9288
9297
9308
9313
9318
9320
9324
9330
9331
9339
9345
9347
9353
9370
9374
9377
9383
9387
9388
9392
9393
9396
9401
9401
9421
9421
9433
9439
9443
9450
9451
9454
9458
9459
9468
9509
9516
9520
9525
9526
9535
9540
9548
9553
9564
9566
9571
9576
9601
9604
9607
9607
9611
9612
9628
9629
9630
9633
9641
9650
9677
9681
9684
9691
9695
9705
9712
9715
9716
9724
9725
9729
9743
9746
9757
9762
9767
9789
9791
9792
9801
9801
9802
9803
9803
9805
9816
9817
9827
9832
9840
9845
9847
9847
9850
9850
9852
9852
9857
9863
9865
9871
9892
9892
9897
9910
9916
9919
9919
9921
9933
9936
9944
9948
9949
9953
9953
9956
9959
9966
9973
9975
9980
9984
9991
9993
9994
9996
9998
10000
16
17
19
23
29
32
47
47
49
52
54
59
64
64
86
95
98
104
121
132
135
143
144
144
147
156
162
165
169
169
183
186
187
191
199
213
214
214
216
225
226
229
229
231
235
236
242
251
272
275
283
283
305
311
314
317
318
322
329
329
334
335
337
340
340
345
351
359
362
364
372
375
381
382
385
395
396
400
406
406
408
423
429
429
434
437
438
440
441
451
456
458
460
467
468
471
474
474
479
493
495
501
512
516
520
536
536
536
546
546
554
564
568
568
571
575
581
584
586
590
592
595
602
603
606
610
613
621
622
622
623
624
625
625
642
642
656
658
660
663
670
683
688
690
695
703
709
717
720
722
724
726
730
732
735
738
740
755
763
763
767
773
774
777
805
830
831
832
840
844
848
848
849
852
854
862
871
873
879
887
891
898
903
906
913
920
931
933
937
941
949
953
954
958
959
965
974
975
977
980
984
996
996
1002
1010
1011
1017
1017
1018
1019
1021
1026
1035
1038
1053
1054
1055
1058
1060
1070
1086
1087
1092
1103
1110
1114
1114
1117
1128
1142
1158
1158
1163
1166
1166
1178
1180
1191
1196
1217
1219
1223
1230
1231
1234
1236
1242
1246
1250
1255
1258
1259
1261
1265
1272
1274
1283
1283
1283
1286
1288
1293
1301
1308
1315
1317
1317
1318
1321
1324
1326
1328
1336
1343
1347
1352
1357
1364
1365
1366
1375
1392
1393
1402
1407
1410
1411
1412
1413
1413
1413
1418
1430
1443
1445
1451
1453
1456
1459
1465
1470
1475
1485
1489
1510
1517
1519
1525
1532
1538
1547
1548
1551
1552
1558
1565
1565
1566
1567
1574
1583
1592
1592
1597
1603
1605
1614
1614
1624
1637
1639
1641
1643
1648
1653
1657
1673
1675
1684
1692
1697
1701
1706
1710
1712
1712
1728
1731
1733
1736
1753
1759
1761
1763
1772
1778
1779
1783
1788
1795
1801
1802
1806
1808
1809
1821
1823
1825
1827
1827
1837
1845
1852
1853
1867
1887
1892
1901
1918
1926
1934
1936
1937
1940
1940
1955
1955
1958
1959
1966
1974
1976
1981
1985
1987
1987
1999
2013
2018
2021
2026
2027
2031
2031
2037
2042
2045
2051
2058
2064
2069
2112
2112
2113
2115
2115
2119
2119
2128
2131
2133
2153
2153
2155
2157
2162
2164
2173
2173
2176
2184
2187
2206
2214
2218
2224
2228
2234
2248
2254
2256
2258
2260
2269
2276
2287
2291
2297
2301
2310
2310
2313
2317
2318
2323
2326
2336
2336
2338
2338
2340
2343
2345
2360
2364
2365
2368
2375
2375
2376
2379
2379
2382
2383
2386
2406
2416
2418
2419
2429
2431
2435
2443
2443
2446
2447
2452
2452
2464
2469
2471
2473
2480
2481
2485
2499
2504
2509
2512
2520
2521
2539
2559
2569
2577
2578
2593
2597
2600
2601
2602
2605
2621
2623
2627
2629
2655
2658
2661
2662
2663
2671
2675
2676
2680
2683
2699
2710
2717
2717
2722
2724
2725
2728
2729
2734
2739
2741
2743
2750
2751
2762
2771
2771
2775
2776
2778
2779
2780
2781
2781
2781
2783
2785
2792
2794
2807
2819
2823
2826
2827
2830
2860
2869
2874
2878
2879
2895
2899
2909
2910
2921
2921
2922
2926
2927
2931
2932
2948
2952
2958
2964
2965
2977
2978
2981
2981
2991
2999
3002
3004
3008
3017
3019
3019
3024
3025
3042
3042
3043
3055
3055
3059
3062
3064
3065
3080
3081
3089
3100
3121
3133
3145
3150
3153
3158
3161
3164
3169
3179
3203
3209
3209
3220
3229
3229
3243
3248
3252
3256
3258
3277
3277
3284
3289
3289
3292
3294
3299
3301
3317
3320
3327
3332
3333
3335
3344
3344
3344
3353
3364
3367
3368
3376
3377
3380
3384
3388
3404
3404
3405
3412
3421
3423
3423
3432
3435
3438
3447
3458
3464
3467
3471
3475
3476
3477
3477
3485
3485
3489
3489
3490
3494
3499
3502
3514
3515
3522
3527
3529
3538
3546
3549
3555
3558
3559
3561
3561
3568
3574
3588
3589
3599
3599
3608
3615
3616
3617
3621
3629
3644
3650
3651
3665
3672
3672
3680
3682
3690
3694
3698
3707
3708
3712
3723
3728
3729
3734
3738
3742
3747
3748
3760
3764
3773
3779
3788
3791
3800
3805
3817
3822
3822
3827
3829
3832
3836
3847
3853
3853
3853
3855
3855
3857
3864
3867
3868
3880
3888
3902
3904
3906
3906
3907
3908
3909
3910
3926
3928
3936
3960
3965
3970
3973
3977
3981
3982
3992
3997
4006
4015
4020
4024
4024
4033
4034
4035
4036
4037
4048
4049
4053
4053
4055
4065
4067
4075
4077
4080
4087
4088
4088
4090
4091
4093
4093
4109
4116
4121
4125
4127
4128
4134
4160
4166
4167
4173
4178
4182
4184
4184
4191
4193
4209
4210
4213
4213
4216
4222
4225
4233
4234
4237
4238
4243
4248
4248
4250
4252
4253
4253
4257
4263
4264
4265
4273
4279
4294
4299
4303
4306
4307
4317
4321
4334
4340
4342
4365
4369
4370
4372
4377
4379
4385
4385
4387
4389
4398
4400
4402
4405
4418
4440
4440
4441
4449
4451
4460
4461
4463
4468
4475
4486
4487
4491
4491
4502
4506
4510
4512
4518
4521
4523
4526
4533
4539
4547
4561
4564
4564
4569
4570
4572
4575
4582
4587
4591
4591
4594
4595
4598
4604
4608
4616
4619
4621
4633
4644
4650
4657
4668
4670
4680
4692
4695
4698
4701
4701
4706
4720
4734
4735
4748
4748
4748
4748
4748
4767
4768
4769
4770
4770
4779
4780
4786
4798
4800
4804
4807
4812
4817
4820
4823
4823
4825
4828
4830
4832
4833
4838
4839
4844
4853
4854
4861
4861
4865
4873
4879
4892
4903
4907
4918
4920
4938
4939
4941
4956
4969
4969
4970
4975
4980
4985
4989
4995
4996
5016
5021
5026
5035
5035
5053
5068
5076
5088
5098
5099
5099
5101
5103
5106
5109
5140
5144
5144
5147
5148
5151
5158
5160
5169
5177
5185
5189
5191
5211
5211
5216
5218
5228
5232
5239
5244
5244
5245
5255
5256
5276
5278
5290
5292
5293
5304
5313
5322
5323
5325
5327
5329
5341
5343
5347
5348
5349
5350
5354
5377
5378
5378
5378
5380
5382
5384
5389
5393
5409
5415
5415
5427
5429
5434
5440
5443
5460
5460
5461
5466
5473
5476
5479
5493
5493
5495
5496
5497
5502
5502
5502
5507
5512
5516
5517
5532
5543
5543
5547
5548
5550
5562
5563
5567
5575
5576
5583
5593
5606
5610
5623
5623
5633
5638
5638
5643
5650
5653
5656
5658
5659
5667
5667
5667
5674
5686
5687
5690
5691
5704
5721
5726
5732
5734
5743
5765
5765
5768
5770
5770
5778
5784
5787
5789
5792
5796
5802
5814
5814
5814
5824
5830
5833
5833
5835
5838
5844
5846
5871
5875
5876
5881
5885
5890
5898
5908
5911
5914
5914
5930
5931
5934
5934
5937
5939
5960
5962
5969
5980
5994
5998
6001
6007
6008
6015
6017
6017
6029
6033
6037
6038
6043
6057
6068
6075
6078
6080
6082
6085
6087
6092
6093
6094
6097
6106
6110
6112
6113
6117
6119
6122
6123
6128
6138
6144
6145
6146
6150
6157
6159
6162
6163
6168
6169
6185
6191
6193
6199
6220
6227
6235
6254
6257
6261
6261
6261
6264
6268
6269
6269
6272
6278
6279
6285
6287
6289
6289
6297
6298
6299
6301
6309
6313
6313
6314
6316
6318
6322
6328
6329
6334
6343
6344
6344
6359
6374
6377
6382
6392
6400
6400
6401
6414
6418
6419
6420
6422
6430
6435
6435
6439
6442
6444
6445
6446
6448
6448
6449
6450
6458
6459
6460
6461
6466
6473
6477
6477
6489
6494
6506
6506
6518
6520
6528
6530
6533
6536
6541
6555
6561
6561
6570
6571
6573
6578
6582
6583
6585
6589
6590
6590
6590
6602
6605
6610
6611
6615
6630
6631
6631
6638
6653
6655
6660
6664
6668
6671
6673
6695
6699
6704
6717
6719
6719
6720
6720
6726
6730
6736
6740
6745
6749
6754
6755
6757
6766
6774
6775
6775
6775
6779
6780
6782
6802
6808
6814
6815
6818
6823
6827
6828
6838
6846
6851
6856
6872
6874
6878
6880
6886
6899
6900
6908
6915
6915
6918
6920
6921
6921
6924
6931
6937
6950
6956
6963
6966
6969
0
6976
6977
6980
6985
6985
6990
6993
7002
7002
7006
7017
7026
7026
7028
7030
7052
7055
7058
7070
7084
7084
7088
7091
7091
7095
7099
7111
7112
7125
7127
7135
7141
7145
7148
7150
7150
7161
7161
7161
7163
7163
7166
7172
7175
7175
7176
7189
7197
7197
7198
7205
7213
7217
7228
7241
7245
7252
7252
7258
7259
7259
7270
7272
7280
7281
7284
7284
7289
7293
7298
7300
7301
7311
7312
7318
7318
7329
7331
7333
7334
7335
7350
7356
7356
7370
7374
7376
7378
7381
7383
7384
7394
7396
7399
7400
7402
7406
7417
7418
7428
7436
7437
7441
7445
7445
7446
7447
7447
7454
7456
7459
7468
7478
7482
7489
7499
7500
7504
7506
7513
7518
7524
7525
7538
7539
7543
7545
7547
7547
7547
7549
7567
7570
7570
7572
7575
7575
7575
7581
7584
7587
7589
7599
7606
7606
7607
7613
7618
7622
7626
7628
7637
7640
7651
7653
7674
7678
7681
7688
7692
7694
7708
7718
7728
7728
7733
7748
7752
7752
7770
7770
7773
7773
7782
7782
7792
7792
7798
7806
7807
7807
7811
7818
7821
7827
7827
7830
7831
7850
7850
7864
7870
7871
7876
7879
7879
7880
7887
7896
7901
7911
7912
7934
7942
7946
7959
7965
7965
7967
7983
7991
7992
7998
8001
8005
8011
8012
8016
8021
8027
8035
8038
8039
8051
8053
8055
8060
8060
8070
8072
8074
8078
8082
8084
8087
8088
8090
8097
8097
8111
8118
8121
8125
8132
8141
8142
8147
8159
8162
8164
8168
8187
8188
8196
8197
8197
8204
8221
8223
8231
8235
8245
8248
8249
8257
8262
8266
8268
8268
8274
8274
8277
8278
8279
8304
8309
8310
8315
8323
8333
8334
8340
8343
8343
8344
8346
8365
8379
8379
8398
8401
8401
8415
8417
8423
8424
8425
8429
8437
8442
8443
8446
8451
8454
8463
8464
8467
8487
8491
8494
8498
8499
8510
8527
8533
8535
8546
8554
8555
8561
8562
8570
8571
8572
8577
8577
8578
8579
8580
8581
8582
8586
8588
8590
8594
8599
8601
8608
8609
8612
8613
8614
8626
8629
8635
8644
8648
8656
8661
8669
8669
8682
8683
8689
8693
8700
8706
8707
8709
8709
8713
8718
8726
8728
8729
8736
8740
8744
8750
8758
8758
8761
8766
8776
8783
8783
8787
8788
8799
8808
8811
8812
8814
8817
8825
8831
8832
8837
8844
8847
8851
8862
8864
8865
8886
8888
8896
8901
8904
8904
8916
8917
8920
8930
8940
8941
8944
8952
8952
8953
8973
8975
8980
8992
8998
9000
9005
9006
9013
9015
9021
9025
9028
9036
9044
9045
9053
9066
9069
9072
9081
9086
9086
9089
9100
9102
9105
9108
9110
9118
9119
9124
9126
9132
9133
9140
9147
9155
9164
9166
9167
9171
9188
9193
9194
9204
9205
9205
9207
9212
9217
9219
9227
9230
9231
9232
9234
9238
9245
9271
9278
9281
9282
9284
9287
9289
9296
9310
9318
9321
9339
9339
9345
9346
9360
9378
9378
9379
9381
9383
9389
9391
9410
9418
9433
9440
9441
9444
9453
9462
9462
9462
9462
9463
9477
9482
9485
9487
9488
9491
9496
9498
9500
9500
9504
9506
9506
9506
9508
9512
9518
9521
9524
9529
9531
9532
9537
9538
9550
9552
9569
9573
9577
9584
9594
9595
9603
9603
9612
9612
9623
9629
9630
9636
9637
9639
9643
9651
9659
9661
9677
9678
9678
9682
9685
9688
9692
9696
9704
9707
9709
9710
9713
9717
9718
9746
9747
9753
9757
9772
9781
9783
9792
9794
9801
9801
9801
9806
9807
9808
9818
9820
9820
9826
9839
9841
9853
9854
9854
9860
9869
9872
9893
9896
9898
9901
9915
9917
9918
9927
9931
9942
9947
9948
9949
9954
9960
9971
9971
9971
9979
9979
9980
